0.349609 0.391793
0.320312 0.391793
0.312500 0.393746
0.343750 0.391793
0.339844 0.386715
0.326172 0.445588
0.343750 0.434416
0.380859 0.425393
0.287109 0.453752
0.322266 0.436994
0.326172 0.480471
0.287109 0.487502
0.271484 0.483751
0.351562 0.475314
0.306641 0.483751
0.349609 0.513397
0.273438 0.535741
0.328125 0.524061
0.285156 0.521522
0.330078 0.508319
0.279297 0.574763
0.345703 0.550701
0.265625 0.576951
0.337891 0.549060
0.324219 0.564373
0.292969 0.618166
0.273438 0.613479
0.257812 0.622854
0.308594 0.600002
0.310547 0.603519
0.296875 0.660008
0.269531 0.650008
0.332031 0.635008
0.265625 0.665633
0.263672 0.669384
0.300781 0.697923
0.279297 0.699251
0.269531 0.712532
0.261719 0.701243
0.289062 0.707220
0.269531 0.758665
0.259766 0.744604
0.234375 0.761479
0.277344 0.748120
0.220703 0.760073
0.306641 0.789693
0.222656 0.811217
0.218750 0.802311
0.228516 0.800826
0.281250 0.791178
0.253906 0.847647
0.292969 0.830460
0.273438 0.843741
0.277344 0.850772
0.253906 0.822648
0.201172 0.906451
0.269531 0.885944
0.244141 0.905632
0.228516 0.912194
0.253906 0.903991
0.236328 0.947895
0.214844 0.948755
0.197266 0.958208
0.250000 0.939302
0.234375 0.937583
0.257812 0.969415
0.216797 0.992773
0.220703 0.986484
0.197266 1.006249
0.216797 1.013437
0.222656 1.070629
0.234375 1.046252
0.214844 1.046251
0.216797 1.056563
0.226562 1.044375
0.236328 1.083008
0.201172 1.085938
0.197266 1.080078
0.232422 1.085938
0.244141 1.091797
0.242188 1.121248
0.216797 1.147654
0.230469 1.153747
0.179688 1.143592
0.218750 1.166953
0.201172 1.199177
0.166016 1.206560
0.238281 1.169647
0.175781 1.220272
0.169922 1.231874
0.205078 1.243589
0.187500 1.242495
0.218750 1.250151
0.169922 1.269839
0.220703 1.239214
0.203125 1.281206
0.173828 1.343509
0.222656 1.311790
0.181641 1.344641
0.199219 1.321986
0.181641 1.345312
0.191406 1.360545
0.199219 1.349999
0.216797 1.334765
0.214844 1.381640
0.162109 1.396201
0.199219 1.387725
0.177734 1.421631
0.148438 1.428896
0.179688 1.417998
0.169922 1.440020
0.158203 1.472520
0.171875 1.451270
0.187500 1.447520
0.158203 1.493771
0.160156 1.469523
0.156250 1.500459
0.169922 1.530108
0.177734 1.512062
0.167969 1.545577
0.179688 1.543266
0.144531 1.599047
0.162109 1.579125
0.162109 1.585766
0.146484 1.609672
0.158203 1.607829
0.132812 1.650213
0.179688 1.631072
0.166016 1.635174
0.150391 1.647478
0.132812 1.659358
0.125000 1.701544
0.146484 1.698732
0.144531 1.700139
0.150391 1.700139
0.166016 1.724244
0.166016 1.750259
0.179688 1.706900
0.134766 1.756040
0.160156 1.737252
0.166016 1.747124
0.119141 1.815406
0.152344 1.854000
0.136719 1.855484
0.138672 1.843609
0.134766 1.832716
0.177734 1.837286
0.132812 1.889084
0.115234 1.927170
0.134766 1.916506
0.171875 1.846855
0.117188 1.917166
0.115234 1.954666
0.140625 1.931229
0.121094 1.926541
0.136719 1.910680
0.136719 1.981149
0.125000 1.979548
0.111328 2.014781
0.115234 2.006775
0.160156 1.960563
0.107422 2.031109
0.117188 2.042593
0.113281 2.062279
0.132812 2.070483
0.150391 2.002160
0.144531 2.079425
0.111328 2.155009
0.095703 2.171806
0.097656 2.170126
0.138672 2.074542
0.136719 2.172511
0.101562 2.201730
0.119141 2.174230
0.101562 2.230949
0.150391 2.123453
0.128906 2.218378
0.083984 2.279903
0.099609 2.293966
0.093750 2.248261
0.156250 2.159847
0.125000 2.242504
0.130859 2.264065
0.113281 2.283832
0.113281 2.332349
0.125000 2.221481
0.095703 2.326127
0.111328 2.348159
0.105469 2.359173
0.078125 2.399562
0.158203 2.287503
0.109375 2.392504
0.125000 2.418754
0.095703 2.460003
0.083984 2.491880
0.132812 2.329404
0.093750 2.432761
0.095703 2.472955
0.080078 2.538032
0.093750 2.530376
0.128906 2.402344
0.101562 2.482422
0.076172 2.550781
0.101562 2.562500
0.083984 2.646484
0.134766 2.434466
0.125000 2.548023
0.074219 2.595836
0.089844 2.633688
0.054688 2.675525
0.107422 2.457809
0.080078 2.644687
0.082031 2.685313
0.078125 2.687343
0.058594 2.770625
0.134766 2.558920
0.115234 2.679000
0.070312 2.755603
0.080078 2.747322
0.074219 2.784589
0.103516 2.575536
0.113281 2.691550
0.082031 2.813891
0.072266 2.822327
0.066406 2.881391
0.097656 2.664036
0.087891 2.743527
0.091797 2.812275
0.087891 2.868133
0.093750 2.881024
0.091797 2.705926
0.058594 2.854676
0.070312 2.915926
0.074219 2.950925
0.080078 2.961863
0.105469 2.705305
0.091797 2.863393
0.085938 2.963589
0.058594 2.976949
0.103516 2.990309
0.105469 2.811632
0.099609 2.952102
0.082031 3.008742
0.072266 3.029132
0.089844 3.029132
0.109375 2.853218
0.060547 3.007635
0.060547 3.115958
0.070312 3.171272
0.064453 3.150529
0.121094 2.880461
0.082031 3.058583
0.050781 3.196861
0.050781 3.232016
0.058594 3.241390
0.130859 2.873632
0.074219 3.090463
0.083984 3.142883
0.056641 3.240576
0.044922 3.259638
0.111328 3.017635
0.064453 3.150837
0.085938 3.194430
0.062500 3.262242
0.052734 3.274352
0.085938 3.090959
0.072266 3.309984
0.058594 3.366586
0.050781 3.413344
0.046875 3.462563
0.101562 3.120045
0.070312 3.322550
0.083984 3.365051
0.062500 3.427552
0.050781 3.467553
0.072266 3.209386
0.064453 3.389662
0.052734 3.468376
0.058594 3.445525
0.054688 3.478533
0.093750 3.227786
0.060547 3.434031
0.046875 3.506218
0.056641 3.495906
0.050781 3.537155
0.093750 3.287186
0.070312 3.470387
0.048828 3.548903
0.052734 3.569841
0.058594 3.601247
0.068359 3.338873
0.083984 3.508871
0.062500 3.631058
0.062500 3.623089
0.050781 3.686838
0.076172 3.385324
0.062500 3.552434
0.060547 3.646770
0.046875 3.695286
0.060547 3.692590
0.083984 3.448085
0.062500 3.661370
0.041016 3.770747
0.037109 3.803560
0.044922 3.855514
0.064453 3.494554
0.046875 3.705338
0.044922 3.780220
0.050781 3.846783
0.042969 3.907800
0.107422 3.588711
0.056641 3.802456
0.039062 3.864330
0.060547 3.909329
0.033203 3.951515
0.085938 3.615769
0.080078 3.769752
0.074219 3.863854
0.052734 3.915182
0.044922 3.957956
0.076172 3.621923
0.062500 3.853170
0.056641 3.934106
0.041016 3.983246
0.029297 4.046839
0.068359 3.697265
0.072266 3.875976
0.054688 4.007812
0.041016 4.051757
0.046875 4.098632
0.080078 3.770344
0.064453 4.007846
0.041016 4.150348
0.039062 4.183005
0.035156 4.239412
0.076172 3.795872
0.046875 4.033492
0.041016 4.162831
0.052734 4.201934
0.029297 4.219981
0.042969 3.872624
0.058594 4.143805
0.033203 4.299201
0.035156 4.347953
0.017578 4.354047
0.095703 3.909858
0.058594 4.190681
0.046875 4.301775
0.039062 4.388183
0.029297 4.397440
0.070312 3.981205
0.058594 4.199963
0.046875 4.334340
0.031250 4.399966
0.041016 4.459342
0.064453 4.046828
0.039062 4.315783
0.023438 4.442352
0.039062 4.432859
0.031250 4.445518
0.078125 4.116034
0.046875 4.397902
0.021484 4.519617
0.037109 4.554850
0.033203 4.590084
0.074219 4.133790
0.062500 4.367222
0.027344 4.487181
0.048828 4.532571
0.052734 4.571477
0.076172 4.167218
0.035156 4.459249
0.052734 4.531435
0.029297 4.603622
0.023438 4.656121
0.062500 4.166960
0.062500 4.465779
0.029297 4.635110
0.031250 4.678273
0.033203 4.781200
0.064453 4.249551
0.035156 4.504859
0.039062 4.642591
0.035156 4.699699
0.046875 4.716496
0.064453 4.353376
0.072266 4.574273
0.037109 4.710210
0.039062 4.798569
0.031250 4.839350
0.070312 4.372522
0.052734 4.599399
0.052734 4.675024
0.050781 4.750649
0.039062 4.822837
0.068359 4.443108
0.074219 4.672565
0.052734 4.749050
0.041016 4.839442
0.050781 4.870732
0.078125 4.398081
0.058594 4.725043
0.035156 4.879735
0.035156 4.974659
0.023438 5.023879
0.095703 4.475326
0.033203 4.834350
0.041016 4.930328
0.029297 5.029860
0.029297 5.047633
0.078125 4.617983
0.052734 4.873146
0.041016 4.959399
0.029297 4.995339
0.039062 5.063622
0.087891 4.602765
0.064453 4.904297
0.052734 4.991488
0.031250 5.125904
0.021484 5.173131
0.089844 4.681625
0.041016 4.905601
0.027344 4.997395
0.048828 5.107545
0.033203 5.162623
0.083984 4.750023
0.066406 5.013494
0.054688 5.173061
0.042969 5.295517
0.017578 5.373444
0.076172 4.796259
0.054688 5.096254
0.019531 5.246253
0.017578 5.310001
0.019531 5.332500
0.044922 4.846144
0.035156 5.073481
0.044922 5.190938
0.027344 5.281873
0.037109 5.315973
0.080078 4.961220
0.037109 5.190903
0.042969 5.255980
0.029297 5.351681
0.025391 5.389961
0.060547 4.988629
0.041016 5.294134
0.029297 5.402414
0.033203 5.472023
0.029297 5.487491
0.076172 4.984375
0.048828 5.359375
0.021484 5.531250
0.025391 5.574218
0.031250 5.601562
0.068359 5.042152
0.054688 5.306490
0.039062 5.448523
0.039062 5.539266
0.025391 5.614228
0.046875 5.143859
0.035156 5.438709
0.042969 5.582149
0.023438 5.657854
0.041016 5.713636
0.060547 5.194334
0.048828 5.463912
0.052734 5.612783
0.017578 5.705325
0.019531 5.729466
0.068359 5.228440
0.056641 5.500630
0.052734 5.663133
0.031250 5.772822
0.021484 5.772822
0.089844 5.143355
0.039062 5.512505
0.048828 5.668369
0.035156 5.758605
0.031250 5.857047
0.085938 5.295900
0.031250 5.623019
0.035156 5.780370
0.033203 5.809355
0.029297 5.838342
0.056641 5.274745
0.056641 5.650905
0.021484 5.801368
0.037109 5.868240
0.031250 5.943473
0.099609 5.366218
0.054688 5.695274
0.039062 5.918863
0.017578 5.956832
0.031250 6.036986
0.076172 5.356333
0.044922 5.709728
0.056641 5.888554
0.021484 5.973708
0.027344 6.063120
0.066406 5.491352
0.044922 5.852281
0.042969 5.981184
0.035156 6.092901
0.017578 6.118681
0.089844 5.458880
0.039062 5.875125
0.025391 6.044224
0.027344 6.130942
0.033203 6.174301
0.078125 5.643727
0.042969 6.011225
0.025391 6.186224
0.013672 6.243099
0.013672 6.321849
0.076172 5.601468
0.041016 5.994321
0.035156 6.135572
0.033203 6.250338
0.037109 6.294479
0.083984 5.628766
0.058594 5.980567
0.037109 6.252211
0.021484 6.332368
0.025391 6.372447
0.058594 5.794984
0.037109 6.154366
0.025391 6.316089
0.035156 6.410427
0.019531 6.486795
0.042969 5.831712
0.033203 6.180624
0.031250 6.325626
0.019531 6.443439
0.019531 6.493284
0.082031 5.772346
0.039062 6.243098
0.019531 6.384779
0.021484 6.476188
0.019531 6.512752
0.058594 6.033707
0.037109 6.351762
0.039062 6.443953
0.025391 6.517704
0.033203 6.549971
0.070312 5.949936
0.033203 6.252074
0.039062 6.428708
0.033203 6.498432
0.017578 6.535617
0.074219 6.107796
0.037109 6.431226
0.031250 6.623409
0.027344 6.698407
0.019531 6.731218
0.062500 6.101980
0.048828 6.428106
0.035156 6.607711
0.019531 6.721147
0.029297 6.773138
0.046875 6.076083
0.025391 6.533572
0.041016 6.695599
0.033203 6.824268
0.035156 6.867157
0.064453 6.082688
0.050781 6.419011
0.039062 6.664046
0.021484 6.798575
0.019531 6.841817
0.062500 6.156363
0.031250 6.587453
0.039062 6.742452
0.037109 6.815107
0.027344 6.897450
0.070312 6.337890
0.046875 6.665039
0.033203 6.831054
0.021484 6.948242
0.011719 6.982421
0.064453 6.265590
0.039062 6.836532
0.029297 7.053096
0.041016 7.082628
0.021484 7.112159
0.054688 6.335166
0.054688 6.737008
0.033203 6.846150
0.027344 6.990020
0.033203 7.019786
0.054688 6.305091
0.058594 6.725101
0.052734 6.925106
0.037109 7.055109
0.031250 7.110110
0.068359 6.409710
0.046875 6.848115
0.048828 6.974093
0.037109 7.084954
0.029297 7.160542
0.074219 6.403548
0.042969 6.860588
0.025391 7.043405
0.029297 7.160205
0.021484 7.185596
0.060547 6.550076
0.041016 6.877586
0.031250 7.102750
0.017578 7.246036
0.017578 7.348383
0.048828 6.661815
0.019531 6.971180
0.033203 7.125865
0.025391 7.265079
0.027344 7.316639
0.070312 6.675917
0.052734 7.096731
0.029297 7.330515
0.031250 7.392857
0.009766 7.491567
0.054688 6.663352
0.056641 7.108271
0.025391 7.286237
0.015625 7.438032
0.021484 7.495610
0.068359 6.797385
0.039062 7.324719
0.041016 7.519833
0.019531 7.572566
0.017578 7.614753
0.068359 6.932744
0.033203 7.347114
0.019531 7.527737
0.031250 7.612736
0.015625 7.681798
0.072266 6.855329
0.033203 7.315561
0.027344 7.556381
0.029297 7.658060
0.025391 7.722279
0.056641 6.776038
0.031250 7.239634
0.035156 7.439087
0.019531 7.563072
0.005859 7.719401
0.033203 6.933744
0.023438 7.525586
0.031250 7.672189
0.027344 7.780784
0.023438 7.829652
0.064453 6.885232
0.021484 7.415710
0.033203 7.650871
0.023438 7.721966
0.039062 7.771185
0.070312 6.939855
0.054688 7.397009
0.029297 7.562245
0.035156 7.661388
0.021484 7.710959
0.060547 7.055678
0.035156 7.438416
0.025391 7.638108
0.035156 7.749047
0.017578 7.893267
0.083984 7.088625
0.052734 7.529924
0.027344 7.764541
0.035156 7.887434
0.027344 7.920952
0.070312 7.177413
0.037109 7.728648
0.027344 7.942392
0.025391 8.032389
0.019531 8.111135
0.076172 7.187649
0.041016 7.703069
0.033203 7.872987
0.025391 8.020249
0.023438 8.054233
0.041016 7.305670
0.037109 7.767618
0.037109 7.944411
0.035156 8.098392
0.027344 8.183936
0.078125 7.344152
0.044922 7.774807
0.027344 7.929843
0.015625 8.044685
0.035156 8.096364
0.074219 7.498218
0.062500 7.972274
0.029297 8.249770
0.027344 8.371175
0.025391 8.423205
0.074219 7.455776
0.048828 7.921398
0.033203 8.136748
0.037109 8.200771
0.031250 8.299716
0.064453 7.476562
0.046875 7.957031
0.050781 8.144530
0.023438 8.273437
0.037109 8.343749
0.046875 7.508755
0.035156 8.027821
0.039062 8.263760
0.039062 8.352237
0.023438 8.417120
0.056641 7.647564
0.056641 8.033506
0.033203 8.318510
0.013672 8.413511
0.017578 8.514450
0.044922 7.835386
0.031250 8.241800
0.039062 8.367311
0.025391 8.450984
0.019531 8.528681
0.042969 7.687999
0.041016 8.109099
0.033203 8.367778
0.031250 8.512156
0.033203 8.536220
0.056641 7.816655
0.017578 8.385811
0.048828 8.494799
0.021484 8.615896
0.015625 8.646171
0.060547 7.934163
0.035156 8.446055
0.021484 8.634969
0.023438 8.738566
0.017578 8.884822
0.062500 7.898987
0.027344 8.469342
0.011719 8.665596
0.025391 8.726925
0.025391 8.812785
0.062500 7.906119
0.039062 8.443080
0.027344 8.591210
0.029297 8.708479
0.021484 8.831920
0.042969 8.061786
0.031250 8.459299
0.037109 8.707746
0.033203 8.819547
0.025391 8.937558
0.068359 8.018661
0.056641 8.537425
0.044922 8.693682
0.027344 8.743685
0.023438 8.818689
0.056641 8.131697
0.048828 8.603393
0.029297 8.810940
0.025391 8.848677
0.029297 8.924150
0.054688 8.068336
0.035156 8.625241
0.033203 8.846734
0.025391 8.992288
0.029297 9.061901
0.078125 8.226419
0.025391 8.824912
0.015625 9.035021
0.029297 9.111424
0.037109 9.162359
0.066406 8.052697
0.050781 8.750949
0.031250 8.981565
0.021484 9.084062
0.029297 9.180151
0.056641 8.353202
0.027344 8.913923
0.033203 9.216846
0.025391 9.345749
0.009766 9.448871
0.046875 8.287028
0.042969 8.857638
0.025391 9.117006
0.035156 9.246694
0.011719 9.279115
0.056641 8.317429
0.037109 8.865387
0.031250 9.106749
0.035156 9.191550
0.023438 9.237212
0.066406 8.354134
0.048828 8.997246
0.035156 9.233493
0.013672 9.358176
0.017578 9.456610
0.048828 8.509295
0.027344 9.057206
0.027344 9.294854
0.039062 9.407077
0.027344 9.479692
0.035156 8.559698
0.039062 9.064371
0.027344 9.230382
0.021484 9.356550
0.031250 9.449516
0.082031 8.563319
0.039062 9.157798
0.029297 9.418300
0.019531 9.518493
0.029297 9.598647
0.070312 8.680505
0.023438 9.251589
0.033203 9.486741
0.011719 9.587521
0.031250 9.668144
0.058594 8.758049
0.035156 9.332457
0.039062 9.535189
0.027344 9.683859
0.019531 9.785225
0.070312 8.699955
0.042969 9.338858
0.031250 9.515575
0.027344 9.624325
0.031250 9.678699
0.058594 8.825194
0.033203 9.447265
0.031250 9.686522
0.015625 9.782226
0.019531 9.864257
0.058594 8.889421
0.064453 9.377548
0.027344 9.666300
0.025391 9.776300
0.015625 9.851926
0.056641 8.884646
0.046875 9.389379
0.025391 9.596803
0.039062 9.748914
0.000000 9.824969
0.044922 8.969538
0.029297 9.504937
0.041016 9.734394
0.025391 9.852599
0.031250 9.949944
0.048828 8.873129
0.011719 9.502439
0.046875 9.691233
0.029297 9.831079
0.035156 9.887018
0.062500 9.147736
0.042969 9.646968
0.021484 9.893068
0.017578 9.970414
0.017578 10.040729
0.064453 8.993555
0.019531 9.601622
0.025391 9.834949
0.023438 9.933937
0.025391 10.011713
0.056641 9.206584
0.029297 9.732688
0.044922 9.953084
0.025391 10.017071
0.031250 10.194808
0.050781 9.171424
0.041016 9.721862
0.025391 10.050695
0.019531 10.193666
0.027344 10.315193
0.074219 9.099400
0.052734 9.652854
0.027344 9.925987
0.027344 10.055364
0.031250 10.120054
0.054688 9.264400
0.044922 9.806407
0.031250 10.109932
0.027344 10.232789
0.035156 10.268924
0.048828 9.205530
0.041016 9.866726
0.042969 10.091969
0.023438 10.200957
0.017578 10.266351
0.072266 9.430384
0.025391 10.058613
0.013672 10.380032
0.023438 10.489608
0.009766 10.599183
0.062500 9.399965
0.044922 10.104938
0.031250 10.317896
0.019531 10.420702
0.005859 10.633663
0.050781 9.590272
0.041016 10.195642
0.023438 10.402352
0.023438 10.513089
0.025391 10.638591
0.058594 9.551994
0.050781 10.093774
0.031250 10.442593
0.021484 10.598445
0.023438 10.687505
0.078125 9.557419
0.039062 10.243808
0.023438 10.564623
0.011719 10.803366
0.021484 10.892896
0.060547 9.615008
0.037109 10.244998
0.013672 10.634994
0.021484 10.747494
0.017578 10.822493
0.074219 9.665121
0.035156 10.207921
0.003906 10.584869
0.019531 10.705492
0.009766 10.773341
0.056641 9.745330
0.046875 10.298516
0.021484 10.624366
0.025391 10.783502
0.019531 10.851703
0.054688 9.818461
0.029297 10.420204
0.025391 10.671565
0.017578 10.762969
0.013672 10.846756
0.062500 9.754008
0.029297 10.542586
0.035156 10.802894
0.027344 10.917735
0.029297 10.986640
0.068359 9.788308
0.041016 10.419314
0.035156 10.804074
0.021484 10.896417
0.019531 10.934893
0.074219 9.961789
0.046875 10.657876
0.025391 10.874436
0.023438 11.067794
0.017578 11.114200
0.052734 9.965501
0.015625 10.618466
0.027344 10.843895
0.015625 11.061550
0.019531 11.123737
0.058594 10.031249
0.023438 10.609374
0.025391 10.898437
0.015625 11.124999
0.015625 11.242187
