0.164062 -0.696877
0.085938 -0.731716
-0.054688 -0.780313
-0.164062 -0.779842
-0.023438 -0.798752
-0.070312 -0.835938
-0.078125 -0.885623
0.078125 -0.907032
-0.007812 -0.962498
-0.164062 -0.933440
-0.093750 -0.974999
-0.117188 -1.065625
-0.046875 -1.054999
-0.171875 -1.103441
0.039062 -1.168746
-0.281250 -1.186716
-0.468750 -1.141877
-0.492188 -1.138908
-0.507812 -1.139998
-0.531250 -1.109061
-0.515625 -1.118752
-0.531250 -1.127503
-0.734375 -1.102497
-0.734375 -1.128751
-0.648438 -1.182501
-0.734375 -1.181248
-0.851562 -1.128435
-0.867188 -1.138283
-0.875000 -1.147503
-0.875000 -1.171405
-0.882812 -1.179687
-0.882812 -1.203282
-0.906250 -1.194372
-0.914062 -1.200779
-0.914062 -1.223438
-0.914062 -1.246096
-0.921875 -1.251248
-0.921875 -1.273595
-0.953125 -1.259688
-0.960938 -1.262965
-0.960938 -1.284375
-0.960938 -1.305782
-0.968750 -1.307812
-0.968750 -1.328907
-0.984375 -1.319999
-0.984375 -1.340624
-0.984375 -1.361249
-0.984375 -1.381872
-0.984375 -1.402496
-0.984375 -1.423128
-0.984375 -1.443746
-0.984375 -1.464378
-0.984375 -1.485002
-0.984375 -1.505624
-0.984375 -1.526251
-0.984375 -1.546875
-0.984375 -1.567497
-0.984375 -1.588126
-0.984375 -1.608748
-0.984375 -1.629371
-0.984375 -1.650004
-0.984375 -1.670622
-0.992188 -1.665618
-0.992188 -1.685939
-0.992188 -1.706245
-0.992188 -1.726566
-0.992188 -1.746876
-0.992188 -1.767184
-0.992188 -1.787503
-0.992188 -1.807811
-0.992188 -1.828120
-0.992188 -1.848439
-0.992188 -1.868747
-0.992188 -1.889056
-0.992188 -1.909378
-0.992188 -1.929683
-0.992188 -1.950006
-0.992188 -1.970315
-0.992188 -1.990618
-0.992188 -2.010941
-0.992188 -2.031250
-0.992188 -2.051558
-1.000000 -2.040002
-1.000000 -2.059998
-1.000000 -2.079995
-1.000000 -2.100003
-1.000000 -2.119996
-1.000000 -2.139993
-1.000000 -2.160000
-1.000000 -2.179994
-1.000000 -2.200005
-1.000000 -2.219998
-1.000000 -2.239995
-1.000000 -2.260004
-1.000000 -2.279995
-1.000000 -2.299993
-1.000000 -2.320002
-1.000000 -2.340001
-1.000000 -2.359992
-1.000000 -2.380003
-1.000000 -2.400000
-1.000000 -2.420002
-1.000000 -2.440001
-1.000000 -2.459999
-1.000000 -2.479999
-1.000000 -2.500000
-1.000000 -2.520000
-1.000000 -2.539997
-1.000000 -2.559998
-1.000000 -2.579999
-1.000000 -2.599995
-1.000000 -2.619996
-1.000000 -2.639997
-1.000000 -2.659995
-1.000000 -2.679994
-1.000000 -2.700007
-1.000000 -2.719993
-1.000000 -2.739995
-1.000000 -2.760005
-1.000000 -2.779990
-1.000000 -2.799992
-1.000000 -2.820003
-1.000000 -2.840005
-1.000000 -2.859990
-1.000000 -2.880003
-1.000000 -2.900004
-1.000000 -2.919988
-1.000000 -2.940001
-1.000000 -2.960003
-1.000000 -2.979996
-1.000000 -3.000000
-1.000000 -3.020003
-1.000000 -3.039994
-1.000000 -3.059998
-1.000000 -3.080001
-1.000000 -3.099992
-1.000000 -3.119995
-1.000000 -3.140000
-1.000000 -3.159991
-1.000000 -3.179994
-1.000000 -3.200007
-1.000000 -3.219989
-1.000000 -3.239991
-1.000000 -3.260005
-1.000000 -3.279987
-1.000000 -3.299992
-1.000000 -3.320004
-1.000000 -3.340009
-1.000000 -3.359990
-1.000000 -3.380004
-1.000000 -3.400007
-1.000000 -3.419987
-1.000000 -3.440001
-1.000000 -3.460006
-1.000000 -3.479994
-1.000000 -3.500000
-1.000000 -3.520005
-1.000000 -3.539992
-1.000000 -3.559997
-1.000000 -3.580003
-1.000000 -3.599989
-1.000000 -3.619995
-1.000000 -3.640002
-1.000000 -3.659989
-1.000000 -3.679994
-1.000000 -3.700008
-1.000000 -3.719986
-1.000000 -3.739991
-1.000000 -3.760006
-1.000000 -3.779984
-1.000000 -3.799991
-1.000000 -3.820004
-1.000000 -3.840011
-1.000000 -3.859989
-1.000000 -3.880002
-1.000000 -3.900009
-1.000000 -3.919987
-1.000000 -3.940001
-1.000000 -3.960007
-1.000000 -3.979992
-1.000000 -4.000000
-1.000000 -4.020007
-1.000000 -4.039990
-1.000000 -4.059997
-1.000000 -4.080004
-1.000000 -4.099988
-1.000000 -4.119996
-1.000000 -4.140003
-1.000000 -4.159989
-1.000000 -4.179996
-1.000000 -4.200006
-1.000000 -4.219985
-1.000000 -4.239991
-1.000000 -4.260006
-1.000000 -4.279986
-1.000000 -4.299995
-1.000000 -4.320000
-1.000000 -4.340008
-1.000000 -4.359989
-1.000000 -4.380002
-1.000000 -4.400011
-1.000000 -4.419992
-1.000000 -4.439995
-1.000000 -4.460003
-1.000000 -4.479991
-1.000000 -4.500000
-1.000000 -4.520007
-1.000000 -4.539996
-1.000000 -4.559990
-1.000000 -4.579998
-1.000000 -4.599987
-1.000000 -4.619996
-1.000000 -4.640005
-1.000000 -4.659994
-1.000000 -4.680002
-1.000000 -4.699993
-1.000000 -4.719983
-1.000000 -4.739991
-1.000000 -4.760006
-1.000000 -4.779991
-1.000000 -4.800000
-1.000000 -4.819994
-1.000000 -4.839979
-1.000000 -4.859988
-1.000000 -4.880002
-1.000000 -4.900012
-1.000000 -4.919997
-1.000000 -4.939990
-1.000000 -4.959999
-1.000000 -4.979990
-1.000000 -5.000000
-1.000000 -5.020008
-1.000000 -5.040000
-1.000000 -5.059985
-1.000000 -5.079994
-1.000000 -5.099985
-1.000000 -5.119996
-1.000000 -5.140006
-1.000000 -5.159998
-1.000000 -5.180007
-1.000000 -5.199989
-1.000000 -5.219982
-1.000000 -5.239991
-1.000000 -5.260007
-1.000000 -5.279994
-1.000000 -5.300005
-1.000000 -5.319989
-1.000000 -5.339977
-1.000000 -5.359988
-1.000000 -5.380002
-1.000000 -5.400013
-1.000000 -5.420002
-1.000000 -5.439986
-1.000000 -5.459995
-1.000000 -5.479983
-1.000000 -5.499999
-1.000000 -5.520009
-1.000000 -5.540003
-1.000000 -5.559980
-1.000000 -5.579991
-1.000000 -5.599985
-1.000000 -5.619996
-1.000000 -5.640006
-1.000000 -5.660000
-1.000000 -5.680011
-1.000000 -5.699986
-1.000000 -5.719981
-1.000000 -5.739991
-1.000000 -5.760007
-1.000000 -5.779997
-1.000000 -5.800007
-1.000000 -5.819986
-1.000000 -5.839976
-1.000000 -5.859988
-1.000000 -5.880002
-1.000000 -5.900014
-1.000000 -5.920005
-1.000000 -5.939982
-1.000000 -5.959992
-1.000000 -5.979983
-1.000000 -6.000000
-1.000000 -6.020010
-1.000000 -6.040006
-1.000000 -6.059977
-1.000000 -6.079988
-1.000000 -6.099984
-1.000000 -6.119995
-1.000000 -6.140007
-1.000000 -6.160003
-1.000000 -6.180015
-1.000000 -6.199983
-1.000000 -6.219980
-1.000000 -6.239991
-1.000000 -6.260007
-1.000000 -6.280000
-1.000000 -6.300011
-1.000000 -6.319983
-1.000000 -6.339975
-1.000000 -6.359987
-1.000000 -6.380003
-1.000000 -6.400015
-1.000000 -6.420008
-1.000000 -6.439979
-1.000000 -6.459990
-1.000000 -6.479983
-1.000000 -6.500000
-1.000000 -6.520010
-1.000000 -6.540009
-1.000000 -6.559974
-1.000000 -6.579986
-1.000000 -6.599983
-1.000000 -6.619995
-1.000000 -6.640007
-1.000000 -6.660005
-1.000000 -6.680017
-1.000000 -6.699981
-1.000000 -6.719979
-1.000000 -6.739991
-1.000000 -6.760007
-1.000000 -6.780002
-1.000000 -6.800014
-1.000000 -6.819980
-1.000000 -6.839975
-1.000000 -6.859987
-1.000000 -6.880003
-1.000000 -6.900015
-1.000000 -6.920011
-1.000000 -6.939975
-1.000000 -6.959988
-1.000000 -6.979983
-1.000000 -6.999999
-1.000000 -7.020011
-1.000000 -7.040011
-1.000000 -7.059971
-1.000000 -7.079982
-1.000000 -7.099982
-1.000000 -7.119995
-1.000000 -7.140007
-1.000000 -7.160007
-1.000000 -7.180020
-1.000000 -7.199979
-1.000000 -7.219979
-1.000000 -7.239991
-1.000000 -7.260003
-1.000000 -7.280004
-1.000000 -7.300016
-1.000000 -7.319977
-1.000000 -7.339974
-1.000000 -7.359987
-1.000000 -7.380003
-1.000000 -7.400016
-1.000000 -7.420012
-1.000000 -7.439972
-1.000000 -7.459986
-1.000000 -7.479983
-1.000000 -7.500000
-1.000000 -7.520012
-1.000000 -7.540013
-1.000000 -7.559968
-1.000000 -7.579981
-1.000000 -7.599982
-1.000000 -7.619995
-1.000000 -7.640008
-1.000000 -7.660009
-1.000000 -7.680022
-1.000000 -7.699977
-1.000000 -7.719978
-1.000000 -7.739991
-1.000000 -7.760004
-1.000000 -7.780005
-1.000000 -7.800018
-1.000000 -7.819975
-1.000000 -7.839973
-1.000000 -7.859987
-1.000000 -7.880003
-1.000000 -7.900001
-1.000000 -7.920015
-1.000000 -7.939970
-1.000000 -7.959984
-1.000000 -7.979982
-1.000000 -8.000000
-1.000000 -8.020012
-1.000000 -8.040014
-1.000000 -8.059967
-1.000000 -8.079981
-1.000000 -8.099983
-1.000000 -8.119997
-1.000000 -8.140007
-1.000000 -8.160008
-1.000000 -8.180021
-1.000000 -8.199979
-1.000000 -8.219978
-1.000000 -8.239992
-1.000000 -8.260008
-1.000000 -8.280022
-1.000000 -8.300021
-1.000000 -8.319980
-1.000000 -8.339993
-1.000000 -8.359997
-1.000000 -8.379999
-1.000000 -8.400013
-1.000000 -8.420014
-1.000000 -8.440028
-1.000000 -8.459985
-1.000000 -8.479987
-1.000000 -8.500001
-1.000000 -8.520018
-1.000000 -8.540017
-1.000000 -8.560031
-1.000000 -8.579991
-1.000000 -8.600005
-1.000000 -8.620006
-1.000000 -8.640005
-1.000000 -8.660018
-1.000000 -8.680021
-1.000000 -8.699979
-1.000000 -8.719994
-1.000000 -8.739996
-1.000000 -8.760011
-1.000000 -8.780024
-1.000000 -8.800027
-1.000000 -8.820041
-1.000000 -8.840003
-1.000000 -8.860003
-1.000000 -8.880018
-1.000000 -8.900011
-1.000000 -8.920025
-1.000000 -8.940025
-1.000000 -8.959988
-1.000000 -8.980001
-1.000000 -9.000006
-1.000000 -9.020019
-1.000000 -9.040033
-1.000000 -9.060037
-1.000000 -9.080051
-1.000000 -9.100012
-1.000000 -9.120016
-1.000000 -9.140030
-1.000000 -9.160017
-1.000000 -9.180018
-1.000000 -9.200032
-1.000000 -9.219996
-1.000000 -9.240010
-1.000000 -9.260012
-1.000000 -9.280028
-1.000000 -9.300042
-1.000000 -9.320047
-1.000000 -9.340009
-1.000000 -9.360024
-1.000000 -9.380028
-1.000000 -9.400043
-1.000000 -9.420020
-1.000000 -9.440025
-1.000000 -9.460039
-1.000000 -9.480005
-1.000000 -9.500007
-1.000000 -9.520021
-1.000000 -9.540037
-1.000000 -9.560052
-1.000000 -9.580054
-1.000000 -9.600020
-1.000000 -9.620035
-1.000000 -9.640040
-1.000000 -9.660013
-1.000000 -9.680027
-1.000000 -9.700032
-1.000000 -9.720046
-1.000000 -9.740011
-1.000000 -9.760016
-1.000000 -9.780030
-1.000000 -9.800047
-1.000000 -9.820049
-1.000000 -9.840064
-1.000000 -9.860032
-1.000000 -9.880047
-1.000000 -9.900049
-1.000000 -9.920020
-1.000000 -9.940034
-1.000000 -9.960039
-1.000000 -9.980005
-1.000000 -10.000020
-1.000000 -10.020025
-1.000000 -10.040040
-1.000000 -10.060054
-1.000000 -10.080059
-1.000000 -10.100074
-1.000000 -10.120044
-1.000000 -10.140047
-1.000000 -10.160062
-1.000000 -10.180026
-1.000000 -10.200041
-1.000000 -10.220044
-1.000000 -10.240014
-1.000000 -10.260028
-1.000000 -10.280034
-1.000000 -10.300048
-1.000000 -10.320064
-1.000000 -10.340069
-1.000000 -10.360084
-1.000000 -10.380052
-1.000000 -10.400059
-1.000000 -10.420073
-1.000000 -10.440034
-1.000000 -10.460036
-1.000000 -10.480052
-1.000000 -10.500022
-1.000000 -10.520038
-1.000000 -10.540041
-1.000000 -10.560058
-1.000000 -10.580072
-1.000000 -10.600079
-1.000000 -10.620049
-1.000000 -10.640063
-1.000000 -10.660069
-1.000000 -10.680085
-1.000000 -10.700038
-1.000000 -10.720044
-1.000000 -10.740059
-1.000000 -10.760032
-1.000000 -10.780035
-1.000000 -10.800051
-1.000000 -10.820066
-1.000000 -10.840082
-1.000000 -10.860086
-1.000000 -10.880059
-1.000000 -10.900074
-1.000000 -10.920081
-1.000000 -10.940030
-1.000000 -10.960045
-1.000000 -10.980052
-1.000000 -11.000067
-1.000000 -11.020038
-1.000000 -11.040045
-1.000000 -11.060060
-1.000000 -11.080076
-1.000000 -11.100080
-1.000000 -11.120096
-1.000000 -11.140070
-1.000000 -11.160086
-1.000000 -11.180090
-1.000000 -11.200038
-1.000000 -11.220053
-1.000000 -11.240060
-1.000000 -11.260032
-1.000000 -11.280046
-1.000000 -11.300054
-1.000000 -11.320069
-1.000000 -11.340083
-1.000000 -11.360090
-1.000000 -11.380106
-1.000000 -11.400081
-1.000000 -11.420086
-1.000000 -11.440102
-1.000000 -11.460045
-1.000000 -11.480061
-1.000000 -11.500065
-1.000000 -11.520041
-1.000000 -11.540055
-1.000000 -11.560063
-1.000000 -11.580077
-1.000000 -11.600093
-1.000000 -11.620100
-1.000000 -11.640116
-1.000000 -11.660089
-1.000000 -11.680097
-1.000000 -11.700112
-1.000000 -11.720053
-1.000000 -11.740058
-1.000000 -11.760073
-1.000000 -11.780049
-1.000000 -11.800065
-1.000000 -11.820070
-1.000000 -11.840087
-1.000000 -11.860102
-1.000000 -11.880110
-1.000000 -11.900084
-1.000000 -11.920100
-1.000000 -11.940108
-1.000000 -11.960124
-1.000000 -11.980058
-1.000000 -12.000066
-1.000000 -12.020081
-1.000000 -12.040058
-1.000000 -12.060064
-1.000000 -12.080079
-1.000000 -12.100096
-1.000000 -12.120111
-1.000000 -12.140118
-1.000000 -12.160095
-1.000000 -12.180111
-1.000000 -12.200119
-1.000000 -12.220050
-1.000000 -12.240066
-1.000000 -12.260074
-1.000000 -12.280089
-1.000000 -12.300065
-1.000000 -12.320073
-1.000000 -12.340089
-1.000000 -12.360106
-1.000000 -12.380112
-1.000000 -12.400127
-1.000000 -12.420106
-1.000000 -12.440122
-1.000000 -12.460128
-1.000000 -12.480059
-1.000000 -12.500073
-1.000000 -12.520082
-1.000000 -12.540058
-1.000000 -12.560075
-1.000000 -12.580082
-1.000000 -12.600099
-1.000000 -12.620113
-1.000000 -12.640121
-1.000000 -12.660137
-1.000000 -12.680117
-1.000000 -12.700123
-1.000000 -12.720139
-1.000000 -12.740066
-1.000000 -12.760081
-1.000000 -12.780087
-1.000000 -12.800068
-1.000000 -12.820083
-1.000000 -12.840092
-1.000000 -12.860106
-1.000000 -12.880123
-1.000000 -12.900131
-1.000000 -12.920147
-1.000000 -12.940125
-1.000000 -12.960135
-1.000000 -12.980150
-1.000000 -13.000073
-1.000000 -13.020081
-1.000000 -13.040096
-1.000000 -13.060077
-1.000000 -13.080092
-1.000000 -13.100100
-1.000000 -13.120116
-1.000000 -13.140132
-1.000000 -13.160141
-1.000000 -13.180120
-1.000000 -13.200136
-1.000000 -13.220145
-1.000000 -13.240161
-1.000000 -13.260079
-1.000000 -13.280088
-1.000000 -13.300104
-1.000000 -13.320086
-1.000000 -13.340093
-1.000000 -13.360108
-1.000000 -13.380126
-1.000000 -13.400142
-1.000000 -13.420149
-1.000000 -13.440131
-1.000000 -13.460146
-1.000000 -13.480156
-1.000000 -13.500072
-1.000000 -13.520088
-1.000000 -13.540097
-1.000000 -13.560113
-1.000000 -13.580093
-1.000000 -13.600102
-1.000000 -13.620118
-1.000000 -13.640135
-1.000000 -13.660143
-1.000000 -13.680159
-1.000000 -13.700141
-1.000000 -13.720157
-1.000000 -13.740165
-1.000000 -13.760080
-1.000000 -13.780096
-1.000000 -13.800105
-1.000000 -13.820086
-1.000000 -13.840102
-1.000000 -13.860111
-1.000000 -13.880128
-1.000000 -13.900143
-1.000000 -13.920153
-1.000000 -13.940168
-1.000000 -13.960152
-1.000000 -13.980159
-1.000000 -14.000175
-1.000000 -14.020088
-1.000000 -14.040104
-1.000000 -14.060112
-1.000000 -14.080095
-1.000000 -14.100111
-1.000000 -14.120121
-1.000000 -14.140136
-1.000000 -14.160152
-1.000000 -14.180161
-1.000000 -14.200178
-1.000000 -14.220160
-1.000000 -14.240170
-1.000000 -14.260186
-1.000000 -14.280097
-1.000000 -14.300104
-1.000000 -14.320121
-1.000000 -14.340104
-1.000000 -14.360121
-1.000000 -14.380128
-1.000000 -14.400146
-1.000000 -14.420161
-1.000000 -14.440172
-1.000000 -14.460155
-1.000000 -14.480170
-1.000000 -14.500180
-1.000000 -14.520197
-1.000000 -14.540103
-1.000000 -14.560113
-1.000000 -14.580129
-1.000000 -14.600114
-1.000000 -14.620122
-1.000000 -14.640138
-1.000000 -14.660155
-1.000000 -14.680171
-1.000000 -14.700179
-1.000000 -14.720164
-1.000000 -14.740181
-1.000000 -14.760191
-1.000000 -14.780095
-1.000000 -14.800112
-1.000000 -14.820121
-1.000000 -14.840137
-1.000000 -14.860121
-1.000000 -14.880131
-1.000000 -14.900147
-1.000000 -14.920165
-1.000000 -14.940173
-1.000000 -14.960190
-1.000000 -14.980175
-1.000000 -15.000192
-1.000000 -15.020200
-1.000000 -15.040104
-1.000000 -15.060120
-1.000000 -15.080130
-1.000000 -15.100114
-1.000000 -15.120131
-1.000000 -15.140141
-1.000000 -15.160157
-1.000000 -15.180172
-1.000000 -15.200183
-1.000000 -15.220199
-1.000000 -15.240186
-1.000000 -15.260194
-1.000000 -15.280210
-1.000000 -15.300112
-1.000000 -15.320128
-1.000000 -15.340137
-1.000000 -15.360124
-1.000000 -15.380139
-1.000000 -15.400150
-1.000000 -15.420165
-1.000000 -15.440182
-1.000000 -15.460192
-1.000000 -15.480208
-1.000000 -15.500194
-1.000000 -15.520205
-1.000000 -15.540221
-1.000000 -15.560121
-1.000000 -15.580129
-1.000000 -15.600145
-1.000000 -15.620132
-1.000000 -15.640149
-1.000000 -15.660157
-1.000000 -15.680175
-1.000000 -15.700191
-1.000000 -15.720201
-1.000000 -15.740188
-1.000000 -15.760204
-1.000000 -15.780215
-1.000000 -15.800232
-1.000000 -15.820127
-1.000000 -15.840137
-1.000000 -15.860154
-1.000000 -15.880141
-1.000000 -15.900150
-1.000000 -15.920167
-1.000000 -15.940185
-1.000000 -15.960201
-1.000000 -15.980210
