0.630859 -0.324606
0.615234 -0.324997
0.601562 -0.335934
0.623047 -0.328513
0.636719 -0.324606
0.642578 -0.325778
0.580078 -0.342184
0.595703 -0.331247
0.623047 -0.330466
0.646484 -0.318357
0.662109 -0.316013
0.580078 -0.341403
0.583984 -0.340622
0.654297 -0.320700
0.644531 -0.324216
0.615234 -0.330075
0.652344 -0.323044
0.615234 -0.334763
0.636719 -0.321091
0.595703 -0.338669
0.623047 -0.327731
0.630859 -0.324997
0.648438 -0.319919
0.640625 -0.321872
0.623047 -0.329294
0.648438 -0.319919
0.642578 -0.322653
0.591797 -0.342184
0.626953 -0.328122
0.617188 -0.333200
0.652344 -0.321091
0.671875 -0.320310
0.609375 -0.332028
0.646484 -0.323825
0.585938 -0.341403
0.644531 -0.322263
0.628906 -0.328513
0.642578 -0.322653
0.650391 -0.321872
0.644531 -0.321872
0.617188 -0.329294
0.640625 -0.327731
0.648438 -0.330075
0.580078 -0.341794
0.632812 -0.324216
0.636719 -0.323825
0.609375 -0.338278
0.650391 -0.325388
0.662109 -0.317575
0.625000 -0.327731
0.623047 -0.430624
0.574219 -0.452460
0.558594 -0.455506
0.595703 -0.438748
0.566406 -0.451951
0.617188 -0.437225
0.570312 -0.446366
0.595703 -0.435194
0.601562 -0.439257
0.621094 -0.436210
0.613281 -0.434179
0.621094 -0.431639
0.595703 -0.449413
0.574219 -0.439764
0.572266 -0.445858
0.582031 -0.445858
0.601562 -0.440780
0.564453 -0.444842
0.566406 -0.449412
0.583984 -0.445350
0.591797 -0.443318
0.574219 -0.456521
0.582031 -0.451443
0.591797 -0.445349
0.607422 -0.435193
0.568359 -0.448904
0.583984 -0.450936
0.603516 -0.437732
0.552734 -0.462615
0.583984 -0.443826
0.589844 -0.444334
0.535156 -0.458553
0.582031 -0.442811
0.554688 -0.451443
0.550781 -0.457537
0.570312 -0.449412
0.603516 -0.440272
0.601562 -0.440272
0.578125 -0.449413
0.544922 -0.456522
0.601562 -0.439764
0.595703 -0.437732
0.582031 -0.446873
0.564453 -0.449412
0.613281 -0.429607
0.582031 -0.440780
0.572266 -0.449413
0.603516 -0.442811
0.617188 -0.433670
0.605469 -0.438240
0.541016 -0.563756
0.546875 -0.575006
0.560547 -0.560006
0.548828 -0.570631
0.539062 -0.566256
0.521484 -0.571881
0.539062 -0.562506
0.509766 -0.583757
0.566406 -0.563131
0.535156 -0.565631
0.552734 -0.556256
0.513672 -0.584382
0.548828 -0.565006
0.515625 -0.576881
0.527344 -0.575006
0.521484 -0.575631
0.554688 -0.556256
0.515625 -0.584382
0.580078 -0.555006
0.544922 -0.565631
0.523438 -0.568131
0.578125 -0.551256
0.507812 -0.576256
0.515625 -0.577506
0.550781 -0.564381
0.533203 -0.576881
0.527344 -0.568756
0.564453 -0.562506
0.531250 -0.568756
0.572266 -0.561881
0.574219 -0.558756
0.500000 -0.593757
0.529297 -0.578131
0.541016 -0.575631
0.550781 -0.565631
0.535156 -0.566881
0.535156 -0.572506
0.554688 -0.566256
0.535156 -0.571256
0.560547 -0.565631
0.498047 -0.583132
0.568359 -0.553131
0.529297 -0.573131
0.539062 -0.566256
0.531250 -0.570631
0.544922 -0.571881
0.531250 -0.582507
0.527344 -0.572506
0.548828 -0.566881
0.539062 -0.566881
0.552734 -0.677622
0.517578 -0.690239
0.527344 -0.696919
0.523438 -0.689497
0.484375 -0.721411
0.490234 -0.699145
0.507812 -0.693208
0.525391 -0.692466
0.498047 -0.695434
0.494141 -0.708052
0.496094 -0.718442
0.533203 -0.679848
0.537109 -0.684301
0.507812 -0.692466
0.505859 -0.689497
0.523438 -0.696177
0.501953 -0.706567
0.494141 -0.706567
0.501953 -0.699145
0.494141 -0.706567
0.535156 -0.678364
0.521484 -0.691723
0.542969 -0.676879
0.500000 -0.701372
0.484375 -0.715474
0.513672 -0.693208
0.511719 -0.682817
0.521484 -0.696177
0.515625 -0.691723
0.513672 -0.693950
0.505859 -0.706567
0.496094 -0.709536
0.503906 -0.702114
0.523438 -0.685044
0.513672 -0.704341
0.503906 -0.701372
0.507812 -0.704341
0.501953 -0.696177
0.509766 -0.696919
0.505859 -0.711020
0.500000 -0.705083
0.480469 -0.704341
0.484375 -0.704341
0.519531 -0.696177
0.548828 -0.667973
0.478516 -0.702856
0.492188 -0.707309
0.486328 -0.705825
0.486328 -0.711763
0.511719 -0.705825
0.462891 -0.851645
0.472656 -0.832739
0.464844 -0.845629
0.417969 -0.856801
0.451172 -0.850785
0.455078 -0.859379
0.437500 -0.868832
0.486328 -0.830160
0.486328 -0.827582
0.439453 -0.849926
0.466797 -0.835317
0.482422 -0.837895
0.464844 -0.839614
0.488281 -0.831879
0.503906 -0.797504
0.445312 -0.843051
0.457031 -0.834457
0.476562 -0.833598
0.445312 -0.838754
0.449219 -0.833598
0.492188 -0.831020
0.486328 -0.821567
0.427734 -0.869692
0.494141 -0.828442
0.455078 -0.841332
0.455078 -0.845629
0.482422 -0.835317
0.447266 -0.850785
0.496094 -0.816410
0.451172 -0.839614
0.474609 -0.823285
0.449219 -0.845629
0.445312 -0.834457
0.464844 -0.840473
0.451172 -0.841332
0.496094 -0.831879
0.468750 -0.823285
0.458984 -0.844770
0.486328 -0.820707
0.488281 -0.817270
0.427734 -0.859379
0.443359 -0.851645
0.474609 -0.845629
0.478516 -0.825004
0.470703 -0.825004
0.464844 -0.829301
0.498047 -0.821567
0.482422 -0.827582
0.474609 -0.831879
0.455078 -0.842192
0.421875 -0.995117
0.431641 -0.981445
0.437500 -0.974609
0.425781 -0.992188
0.427734 -0.972656
0.439453 -0.990234
0.441406 -0.970703
0.412109 -0.973633
0.412109 -1.003906
0.453125 -0.973633
0.451172 -0.981445
0.457031 -0.957031
0.447266 -0.972656
0.421875 -0.977539
0.445312 -0.983398
0.437500 -0.971680
0.435547 -0.973633
0.464844 -0.953125
0.439453 -0.981445
0.416016 -1.006836
0.416016 -0.979492
0.458984 -0.969727
0.433594 -0.988281
0.423828 -0.992188
0.445312 -0.964844
0.433594 -0.976562
0.458984 -0.954102
0.419922 -0.985352
0.416016 -1.002930
0.425781 -0.979492
0.429688 -0.988281
0.416016 -0.989258
0.423828 -0.985352
0.468750 -0.944336
0.433594 -0.968750
0.474609 -0.954102
0.435547 -0.985352
0.431641 -0.979492
0.455078 -0.964844
0.441406 -0.985352
0.441406 -0.975586
0.431641 -0.972656
0.466797 -0.959961
0.478516 -0.958008
0.414062 -0.984375
0.464844 -0.964844
0.404297 -0.993164
0.419922 -0.987305
0.417969 -0.992188
0.417969 -0.981445
0.396484 -1.141870
0.390625 -1.145152
0.398438 -1.139683
0.375000 -1.154995
0.410156 -1.123277
0.376953 -1.150620
0.406250 -1.133120
0.398438 -1.125464
0.386719 -1.134214
0.380859 -1.138589
0.384766 -1.150620
0.396484 -1.154995
0.382812 -1.140777
0.378906 -1.173589
0.386719 -1.141870
0.408203 -1.127652
0.373047 -1.139683
0.421875 -1.118902
0.421875 -1.111246
0.421875 -1.110152
0.417969 -1.119995
0.412109 -1.115620
0.414062 -1.121089
0.394531 -1.128745
0.408203 -1.132027
0.394531 -1.134214
0.375000 -1.136402
0.417969 -1.109058
0.400391 -1.113433
0.423828 -1.123277
0.417969 -1.126558
0.394531 -1.144058
0.431641 -1.114527
0.394531 -1.121089
0.416016 -1.098121
0.390625 -1.136402
0.390625 -1.138589
0.416016 -1.112339
0.400391 -1.119995
0.423828 -1.118902
0.402344 -1.135308
0.386719 -1.145152
0.390625 -1.121089
0.373047 -1.142964
0.388672 -1.142964
0.394531 -1.128745
0.376953 -1.162652
0.398438 -1.133120
0.382812 -1.154995
0.394531 -1.147339
0.394531 -1.284796
0.365234 -1.307804
0.363281 -1.295694
0.359375 -1.299327
0.371094 -1.270265
0.345703 -1.311436
0.365234 -1.273898
0.363281 -1.300538
0.367188 -1.304171
0.367188 -1.282374
0.355469 -1.306593
0.345703 -1.322335
0.365234 -1.292061
0.349609 -1.296905
0.373047 -1.277530
0.363281 -1.279952
0.402344 -1.264210
0.388672 -1.272687
0.375000 -1.277530
0.365234 -1.299327
0.384766 -1.295694
0.351562 -1.305382
0.388672 -1.298116
0.373047 -1.298116
0.351562 -1.328389
0.376953 -1.287218
0.375000 -1.296905
0.367188 -1.294483
0.363281 -1.304171
0.345703 -1.294483
0.392578 -1.262999
0.400391 -1.279952
0.386719 -1.249679
0.400391 -1.267843
0.359375 -1.277530
0.400391 -1.248468
0.373047 -1.283585
0.369141 -1.286007
0.378906 -1.278741
0.380859 -1.289640
0.357422 -1.299327
0.378906 -1.283585
0.378906 -1.288429
0.363281 -1.298116
0.355469 -1.316280
0.363281 -1.305382
0.408203 -1.264210
0.392578 -1.276319
0.369141 -1.287218
0.353516 -1.317491
0.355469 -1.421080
0.335938 -1.452955
0.341797 -1.455611
0.341797 -1.470220
0.275391 -1.515376
0.332031 -1.466236
0.353516 -1.452955
0.347656 -1.422408
0.349609 -1.459595
0.347656 -1.458267
0.345703 -1.447642
0.386719 -1.406471
0.314453 -1.476861
0.333984 -1.441002
0.355469 -1.442330
0.363281 -1.435689
0.369141 -1.439673
0.355469 -1.429049
0.353516 -1.456939
0.359375 -1.446314
0.322266 -1.484829
0.351562 -1.451626
0.326172 -1.454283
0.351562 -1.442330
0.337891 -1.452955
0.361328 -1.422408
0.328125 -1.472876
0.328125 -1.462251
0.312500 -1.476861
0.369141 -1.430377
0.386719 -1.406471
0.335938 -1.456939
0.341797 -1.438345
0.312500 -1.490142
0.328125 -1.500767
0.322266 -1.476861
0.337891 -1.466236
0.351562 -1.442330
0.369141 -1.425064
0.349609 -1.429049
0.328125 -1.474204
0.341797 -1.454283
0.347656 -1.460923
0.324219 -1.480845
0.371094 -1.444986
0.333984 -1.483501
0.351562 -1.458267
0.328125 -1.487485
0.310547 -1.471548
0.357422 -1.441002
0.341797 -1.558036
0.326172 -1.617293
0.283203 -1.677995
0.292969 -1.667878
0.304688 -1.624519
0.318359 -1.624519
0.318359 -1.633191
0.322266 -1.636081
0.314453 -1.615847
0.314453 -1.624519
0.300781 -1.634636
0.353516 -1.589832
0.291016 -1.673659
0.300781 -1.640417
0.296875 -1.621629
0.357422 -1.576824
0.281250 -1.646199
0.312500 -1.617293
0.251953 -1.702565
0.322266 -1.604285
0.328125 -1.607176
0.310547 -1.649089
0.300781 -1.638972
0.296875 -1.646199
0.314453 -1.610066
0.322266 -1.618738
0.318359 -1.624519
0.308594 -1.647644
0.328125 -1.611511
0.298828 -1.631746
0.341797 -1.595613
0.306641 -1.627410
0.312500 -1.640417
0.273438 -1.672214
0.320312 -1.637527
0.316406 -1.617293
0.326172 -1.608621
0.343750 -1.569598
0.275391 -1.676550
0.275391 -1.663542
0.316406 -1.599949
0.296875 -1.670768
0.296875 -1.653425
0.285156 -1.631746
0.304688 -1.623074
0.322266 -1.625964
0.326172 -1.614402
0.292969 -1.670768
0.291016 -1.666433
0.304688 -1.637527
0.308594 -1.757794
0.291016 -1.759356
0.275391 -1.812480
0.287109 -1.801543
0.294922 -1.793731
0.273438 -1.848417
0.314453 -1.749981
0.304688 -1.773418
0.265625 -1.781231
0.289062 -1.792168
0.287109 -1.834355
0.269531 -1.846855
0.285156 -1.817168
0.281250 -1.818730
0.263672 -1.840605
0.283203 -1.806230
0.277344 -1.784356
0.263672 -1.812480
0.294922 -1.785918
0.345703 -1.717169
0.292969 -1.803105
0.238281 -1.848417
0.273438 -1.835917
0.300781 -1.790606
0.279297 -1.820293
0.287109 -1.812480
0.277344 -1.810918
0.287109 -1.814043
0.302734 -1.796856
0.269531 -1.817168
0.289062 -1.795293
0.261719 -1.820293
0.263672 -1.807793
0.294922 -1.792168
0.296875 -1.821855
0.300781 -1.795293
0.285156 -1.814043
0.289062 -1.818730
0.300781 -1.781231
0.277344 -1.828105
0.296875 -1.795293
0.269531 -1.820293
0.275391 -1.834355
0.283203 -1.820293
0.300781 -1.781231
0.279297 -1.776543
0.273438 -1.812480
0.298828 -1.768731
0.263672 -1.848417
0.250000 -1.835917
0.308594 -1.889623
0.275391 -1.970247
0.246094 -1.985364
0.285156 -1.960169
0.261719 -1.997121
0.261719 -1.988723
0.253906 -2.012238
0.269531 -1.998801
0.267578 -1.985364
0.228516 -2.047511
0.259766 -1.993762
0.246094 -2.029035
0.228516 -2.037433
0.242188 -2.035753
0.281250 -1.993762
0.263672 -1.990403
0.251953 -2.003840
0.275391 -1.953450
0.253906 -1.990403
0.246094 -2.013918
0.236328 -2.047511
0.267578 -1.976965
0.263672 -1.990403
0.251953 -1.997121
0.251953 -2.025676
0.263672 -2.023996
0.267578 -2.020637
0.232422 -2.047511
0.263672 -1.980325
0.244141 -2.045831
0.212891 -2.094542
0.263672 -1.988723
0.251953 -2.013918
0.263672 -2.000481
0.263672 -2.003840
0.253906 -2.010559
0.242188 -2.037433
0.255859 -2.030715
0.263672 -2.010559
0.271484 -2.022316
0.253906 -1.985364
0.222656 -2.050870
0.220703 -2.067667
0.232422 -2.018957
0.236328 -2.042472
0.248047 -2.000481
0.259766 -1.987043
0.220703 -2.050870
0.265625 -2.002160
0.253906 -2.000481
0.244141 -2.064613
0.251953 -2.127503
0.224609 -2.136486
0.246094 -2.143673
0.253906 -2.165233
0.222656 -2.176016
0.242188 -2.184999
0.203125 -2.253281
0.207031 -2.215548
0.255859 -2.147267
0.244141 -2.161645
0.240234 -2.181408
0.246094 -2.176018
0.234375 -2.163441
0.216797 -2.247894
0.220703 -2.211956
0.220703 -2.238909
0.214844 -2.226332
0.187500 -2.298210
0.212891 -2.237118
0.232422 -2.231727
0.208984 -2.215558
0.232422 -2.211965
0.216797 -2.217357
0.230469 -2.231730
0.197266 -2.264073
0.218750 -2.271261
0.183594 -2.271261
0.208984 -2.244309
0.232422 -2.220948
0.193359 -2.285636
0.191406 -2.291028
0.193359 -2.244311
0.220703 -2.226344
0.228516 -2.220952
0.195312 -2.278452
0.175781 -2.289233
0.220703 -2.235325
0.201172 -2.280250
0.201172 -2.249705
0.226562 -2.211970
0.242188 -2.177830
0.199219 -2.258690
0.253906 -2.181426
0.228516 -2.179630
0.246094 -2.197597
0.222656 -2.231740
0.240234 -2.143693
0.236328 -2.181426
0.214844 -2.220956
0.240234 -2.247103
0.240234 -2.317922
0.166016 -2.428935
0.212891 -2.365772
0.197266 -2.394483
0.169922 -2.472958
0.216797 -2.396397
0.185547 -2.425107
0.197266 -2.411709
0.201172 -2.386827
0.218750 -2.377256
0.191406 -2.425107
0.197266 -2.446161
0.166016 -2.478700
0.169922 -2.476786
0.171875 -2.509324
0.148438 -2.490184
0.191406 -2.459559
0.179688 -2.444247
0.208984 -2.396397
0.207031 -2.394483
0.187500 -2.419365
0.210938 -2.411709
0.191406 -2.407881
0.183594 -2.455731
0.177734 -2.478700
0.164062 -2.478700
0.171875 -2.455731
0.201172 -2.404053
0.177734 -2.440419
0.191406 -2.461473
0.187500 -2.497840
0.152344 -2.532292
0.189453 -2.451903
0.191406 -2.457645
0.185547 -2.451903
0.164062 -2.494012
0.146484 -2.570573
0.166016 -2.543777
0.142578 -2.553347
0.158203 -2.516980
0.169922 -2.484442
0.156250 -2.511238
0.162109 -2.516980
0.138672 -2.566745
0.187500 -2.478700
0.169922 -2.518894
0.203125 -2.453817
0.162109 -2.509324
0.197266 -2.440419
0.242188 -2.400931
0.183594 -2.520772
0.199219 -2.541083
0.169922 -2.604053
0.191406 -2.567490
0.189453 -2.622334
0.171875 -2.638587
0.156250 -2.664994
0.179688 -2.646711
0.166016 -2.632496
0.164062 -2.667025
0.195312 -2.599994
0.150391 -2.689369
0.154297 -2.695464
0.146484 -2.707653
0.148438 -2.701560
0.169922 -2.634529
0.148438 -2.691400
0.144531 -2.689370
0.146484 -2.701557
0.175781 -2.646713
0.173828 -2.632494
0.160156 -2.693432
0.160156 -2.681247
0.150391 -2.689373
0.156250 -2.705622
0.171875 -2.644686
0.175781 -2.612186
0.162109 -2.677183
0.148438 -2.685305
0.171875 -2.664992
0.173828 -2.673117
0.154297 -2.677179
0.140625 -2.685304
0.134766 -2.746242
0.171875 -2.648744
0.136719 -2.725929
0.158203 -2.713742
0.146484 -2.695460
0.154297 -2.689364
0.166016 -2.658897
0.146484 -2.717801
0.181641 -2.656864
0.134766 -2.699523
0.146484 -2.744210
0.173828 -2.689367
0.179688 -2.658898
0.162109 -2.677180
0.156250 -2.701555
0.167969 -2.685305
0.228516 -2.599585
0.193359 -2.709153
0.203125 -2.696263
0.158203 -2.799385
0.144531 -2.823018
0.144531 -2.807979
0.166016 -2.797237
0.148438 -2.842353
0.167969 -2.829463
0.134766 -2.902508
0.136719 -2.865985
0.152344 -2.865985
0.130859 -2.900360
0.125000 -2.908953
0.113281 -2.945476
0.128906 -2.902508
0.140625 -2.881024
0.125000 -2.883173
0.123047 -2.919695
0.121094 -2.915398
0.111328 -2.934734
0.126953 -2.908953
0.138672 -2.891766
0.150391 -2.870282
0.142578 -2.893914
0.109375 -2.947624
0.113281 -2.939031
0.111328 -2.954069
0.126953 -2.898211
0.128906 -2.898211
0.144531 -2.911102
0.126953 -2.902508
0.109375 -2.969108
0.109375 -2.960515
0.123047 -2.947624
0.119141 -2.956218
0.115234 -2.945476
0.099609 -2.988444
0.119141 -2.971256
0.083984 -3.005631
0.103516 -2.997037
0.130859 -2.966960
0.099609 -3.007779
0.113281 -2.979850
0.107422 -2.994889
0.119141 -2.990592
0.101562 -3.018521
0.111328 -2.986295
0.117188 -2.990592
0.126953 -2.939031
0.169922 -2.754995
0.193359 -2.856946
0.154297 -2.931710
0.128906 -3.022333
0.146484 -3.031395
0.148438 -3.020067
0.117188 -3.029129
0.138672 -3.013269
0.119141 -3.067646
0.136719 -3.047256
0.140625 -3.040458
0.123047 -3.074440
0.144531 -3.040458
0.136719 -3.054050
0.107422 -3.069911
0.113281 -3.094832
0.142578 -3.049519
0.144531 -3.051786
0.113281 -3.101630
0.091797 -3.131084
0.101562 -3.110693
0.111328 -3.112960
0.125000 -3.110695
0.126953 -3.128819
0.089844 -3.176395
0.113281 -3.133349
0.115234 -3.140146
0.111328 -3.115224
0.099609 -3.171865
0.101562 -3.153740
0.117188 -3.119756
0.119141 -3.092567
0.105469 -3.106160
0.099609 -3.131082
0.095703 -3.151472
0.113281 -3.131082
0.111328 -3.106161
0.109375 -3.151473
0.140625 -3.092568
0.097656 -3.158269
0.117188 -3.146943
0.085938 -3.210378
0.072266 -3.214909
0.087891 -3.162801
0.113281 -3.119756
0.117188 -3.112958
0.107422 -3.126550
0.089844 -3.205846
0.111328 -3.133347
0.109375 -3.135611
0.207031 -2.866483
0.156250 -3.026128
0.146484 -3.111907
0.113281 -3.207217
0.125000 -3.221514
0.107422 -3.181007
0.132812 -3.190538
0.115234 -3.250107
0.101562 -3.292996
0.095703 -3.292996
0.113281 -3.321589
0.078125 -3.374010
0.085938 -3.378775
0.087891 -3.359713
0.068359 -3.421665
0.056641 -3.402603
0.068359 -3.416899
0.066406 -3.438344
0.082031 -3.409751
0.089844 -3.366862
0.066406 -3.428813
0.107422 -3.343034
0.062500 -3.447875
0.087891 -3.376393
0.076172 -3.416899
0.072266 -3.414517
0.083984 -3.393072
0.070312 -3.438344
0.066406 -3.443110
0.064453 -3.450258
0.066406 -3.443110
0.072266 -3.452641
0.070312 -3.440727
0.080078 -3.414517
0.091797 -3.402603
0.076172 -3.419282
0.060547 -3.452641
0.083984 -3.426430
0.076172 -3.433579
0.064453 -3.474086
0.080078 -3.421665
0.074219 -3.450258
0.082031 -3.400220
0.078125 -3.395455
0.074219 -3.407368
0.091797 -3.383541
0.097656 -3.385924
0.082031 -3.407368
0.068359 -3.435961
0.068359 -3.466937
0.171875 -3.087544
0.152344 -3.222547
0.158203 -3.255048
0.126953 -3.302549
0.134766 -3.320049
0.121094 -3.367550
0.117188 -3.395051
0.091797 -3.462552
0.080078 -3.527554
0.076172 -3.540054
0.087891 -3.517554
0.095703 -3.497553
0.105469 -3.485053
0.087891 -3.525054
0.089844 -3.517554
0.080078 -3.530054
0.083984 -3.515054
0.095703 -3.477553
0.074219 -3.555054
0.076172 -3.562555
0.080078 -3.542554
0.072266 -3.550054
0.099609 -3.522554
0.076172 -3.585055
0.052734 -3.617556
0.068359 -3.597555
0.072266 -3.575055
0.070312 -3.610056
0.052734 -3.640056
0.064453 -3.635056
0.070312 -3.600055
0.072266 -3.585055
0.066406 -3.590055
0.082031 -3.562555
0.056641 -3.615056
0.062500 -3.622556
0.070312 -3.612556
0.058594 -3.632556
0.068359 -3.617556
0.060547 -3.635056
0.070312 -3.617556
0.046875 -3.625056
0.066406 -3.600055
0.082031 -3.582555
0.058594 -3.650057
0.050781 -3.640056
0.048828 -3.642556
0.058594 -3.652557
0.060547 -3.655057
0.050781 -3.672557
0.203125 -3.166799
0.148438 -3.404963
0.111328 -3.499181
0.130859 -3.504416
0.103516 -3.556762
0.113281 -3.559378
0.105469 -3.582932
0.097656 -3.580316
0.107422 -3.590785
0.101562 -3.609105
0.109375 -3.601253
0.076172 -3.664067
0.097656 -3.622192
0.080078 -3.669302
0.099609 -3.658833
0.089844 -3.653597
0.099609 -3.645744
0.095703 -3.677150
0.087891 -3.690235
0.080078 -3.729493
0.083984 -3.682382
0.076172 -3.698086
0.070312 -3.724256
0.082031 -3.700702
0.070312 -3.716405
0.072266 -3.721641
0.080078 -3.692852
0.068359 -3.734726
0.080078 -3.721641
0.089844 -3.677149
0.070312 -3.742579
0.070312 -3.747814
0.066406 -3.739962
0.074219 -3.705938
0.078125 -3.719024
0.083984 -3.747813
0.076172 -3.750430
0.052734 -3.773986
0.044922 -3.784454
0.058594 -3.779220
0.076172 -3.734728
0.064453 -3.781838
0.064453 -3.768751
0.062500 -3.760900
0.064453 -3.766134
0.060547 -3.758283
0.068359 -3.768752
0.070312 -3.781837
0.074219 -3.745195
0.046875 -3.802774
0.134766 -3.418007
0.128906 -3.628557
0.101562 -3.707855
0.105469 -3.746137
0.083984 -3.770747
0.080078 -3.787154
0.078125 -3.817232
0.082031 -3.855514
0.070312 -3.850045
0.097656 -3.844577
0.082031 -3.830904
0.072266 -3.893796
0.072266 -3.888327
0.060547 -3.885593
0.064453 -3.882859
0.080078 -3.874655
0.054688 -3.926609
0.072266 -3.926609
0.066406 -3.907468
0.072266 -3.885593
0.056641 -3.918406
0.074219 -3.912937
0.072266 -3.921140
0.060547 -3.926609
0.072266 -3.923875
0.062500 -3.921140
0.072266 -3.907468
0.060547 -3.896531
0.078125 -3.896531
0.070312 -3.907468
0.066406 -3.932078
0.068359 -3.921140
0.064453 -3.937547
0.082031 -3.896531
0.058594 -3.926609
0.058594 -3.940281
0.056641 -3.951219
0.062500 -3.915672
0.064453 -3.923875
0.076172 -3.885593
0.076172 -3.918406
0.076172 -3.904734
0.070312 -3.907468
0.033203 -3.981298
0.076172 -3.907468
0.072266 -3.923875
0.074219 -3.921140
0.052734 -3.943016
0.064453 -3.904734
0.070312 -3.921140
0.166016 -3.521669
0.121094 -3.718424
0.093750 -3.829634
0.093750 -3.883814
0.082031 -3.952253
0.083984 -3.969363
0.066406 -3.989324
0.074219 -3.986472
0.062500 -4.014987
0.072266 -4.023540
0.066406 -4.057758
0.060547 -4.043500
0.085938 -4.026392
0.062500 -4.086273
0.074219 -4.063461
0.080078 -4.057758
0.076172 -4.066312
0.078125 -4.057758
0.066406 -4.086273
0.070312 -4.089124
0.060547 -4.129045
0.046875 -4.111936
0.066406 -4.106233
0.046875 -4.131896
0.052734 -4.126194
0.062500 -4.117639
0.048828 -4.149005
0.048828 -4.129045
0.072266 -4.109085
0.052734 -4.097679
0.058594 -4.097679
0.066406 -4.117639
0.068359 -4.106233
0.056641 -4.126194
0.046875 -4.123342
0.068359 -4.074867
0.044922 -4.131896
0.050781 -4.134748
0.066406 -4.109085
0.052734 -4.134748
0.050781 -4.134748
0.054688 -4.129045
0.062500 -4.117639
0.058594 -4.134748
0.066406 -4.106233
0.058594 -4.123342
0.068359 -4.089124
0.068359 -4.117639
0.056641 -4.111936
0.068359 -4.109085
0.140625 -3.788157
0.107422 -3.975190
0.091797 -4.070191
0.074219 -4.153317
0.078125 -4.159255
0.078125 -4.159255
0.068359 -4.159255
0.064453 -4.203787
0.078125 -4.203787
0.068359 -4.206756
0.052734 -4.257225
0.054688 -4.278007
0.070312 -4.283944
0.048828 -4.310663
0.046875 -4.334414
0.050781 -4.328476
0.074219 -4.272069
0.060547 -4.307694
0.056641 -4.298788
0.046875 -4.352226
0.050781 -4.334414
0.029297 -4.373008
0.031250 -4.364101
0.054688 -4.316601
0.058594 -4.313632
0.050781 -4.352226
0.052734 -4.331445
0.056641 -4.313632
0.041016 -4.340351
0.041016 -4.355195
0.058594 -4.325507
0.058594 -4.307694
0.052734 -4.346289
0.050781 -4.337382
0.035156 -4.378945
0.039062 -4.352226
0.037109 -4.355195
0.044922 -4.355195
0.035156 -4.346289
0.041016 -4.346289
0.052734 -4.334414
0.056641 -4.313632
0.060547 -4.286913
0.041016 -4.349257
0.046875 -4.355195
0.042969 -4.340351
0.033203 -4.387852
0.037109 -4.370039
0.052734 -4.322538
0.044922 -4.346289
0.146484 -3.838881
0.093750 -4.153648
0.080078 -4.258572
0.089844 -4.267829
0.074219 -4.344978
0.062500 -4.351151
0.080078 -4.357322
0.048828 -4.425215
0.054688 -4.428299
0.058594 -4.452987
0.044922 -4.496191
0.046875 -4.480762
0.068359 -4.449903
0.064453 -4.449902
0.041016 -4.499278
0.046875 -4.496192
0.048828 -4.480762
0.044922 -4.486935
0.039062 -4.490021
0.048828 -4.471505
0.039062 -4.486934
0.041016 -4.477677
0.050781 -4.471505
0.060547 -4.452988
0.052734 -4.452988
0.037109 -4.468418
0.052734 -4.456075
0.046875 -4.480762
0.058594 -4.449903
0.044922 -4.486935
0.050781 -4.468421
0.054688 -4.459162
0.066406 -4.449906
0.048828 -4.496194
0.041016 -4.523968
0.042969 -4.511625
0.039062 -4.514712
0.042969 -4.508541
0.035156 -4.517797
0.042969 -4.493111
0.041016 -4.511626
0.058594 -4.490026
0.044922 -4.517799
0.042969 -4.511627
0.027344 -4.551744
0.054688 -4.490026
0.042969 -4.527059
0.041016 -4.523972
0.037109 -4.533230
0.041016 -4.520886
0.126953 -4.042377
0.101562 -4.298617
0.095703 -4.413928
0.056641 -4.516427
0.064453 -4.545254
0.070312 -4.529240
0.062500 -4.583692
0.068359 -4.554863
0.052734 -4.596502
0.050781 -4.602909
0.068359 -4.580488
0.058594 -4.606112
0.056641 -4.590096
0.050781 -4.628532
0.056641 -4.615721
0.056641 -4.615722
0.052734 -4.625332
0.042969 -4.647752
0.062500 -4.602910
0.046875 -4.580488
0.054688 -4.599707
0.068359 -4.609316
0.056641 -4.615723
0.037109 -4.670175
0.046875 -4.657363
0.044922 -4.663769
0.041016 -4.670174
0.046875 -4.670175
0.031250 -4.670174
0.054688 -4.634940
0.060547 -4.615723
0.042969 -4.657362
0.033203 -4.692596
0.035156 -4.699002
0.044922 -4.679783
0.050781 -4.673377
0.042969 -4.702204
0.039062 -4.686189
0.041016 -4.695798
0.035156 -4.711812
0.044922 -4.666968
0.044922 -4.682983
0.042969 -4.695796
0.050781 -4.698999
0.035156 -4.718217
0.039062 -4.702202
0.039062 -4.718218
0.041016 -4.721422
0.037109 -4.737437
0.027344 -4.721422
0.134766 -4.190204
0.113281 -4.382777
0.082031 -4.535507
0.070312 -4.638433
0.072266 -4.681596
0.062500 -4.708158
0.052734 -4.757961
0.048828 -4.794484
0.054688 -4.777883
0.044922 -4.767922
0.044922 -4.774562
0.044922 -4.784523
0.042969 -4.804444
0.056641 -4.781203
0.050781 -4.781203
0.056641 -4.791163
0.054688 -4.801124
0.046875 -4.827686
0.042969 -4.837646
0.042969 -4.824366
0.037109 -4.837646
0.048828 -4.817725
0.048828 -4.811085
0.035156 -4.840967
0.046875 -4.814405
0.035156 -4.827686
0.044922 -4.827686
0.042969 -4.837646
0.062500 -4.807765
0.048828 -4.831006
0.058594 -4.804444
0.052734 -4.824366
0.041016 -4.834326
0.039062 -4.857568
0.041016 -4.827686
0.044922 -4.817725
0.031250 -4.844287
0.050781 -4.811085
0.054688 -4.804444
0.042969 -4.827686
0.035156 -4.811085
0.042969 -4.827686
0.048828 -4.834326
0.050781 -4.837646
0.037109 -4.850927
0.042969 -4.840967
0.054688 -4.804444
0.056641 -4.817725
0.048828 -4.831006
0.023438 -4.857568
0.132812 -4.424085
0.076172 -4.661274
0.076172 -4.802212
0.058594 -4.833150
0.074219 -4.826275
0.052734 -4.888150
0.058594 -4.891588
0.042969 -4.908775
0.050781 -4.956901
0.039062 -4.994713
0.037109 -5.005026
0.042969 -4.987838
0.039062 -5.008463
0.046875 -4.991276
0.035156 -5.018776
0.037109 -5.018776
0.031250 -5.049714
0.042969 -5.053151
0.033203 -5.060026
0.039062 -5.053151
0.021484 -5.094401
0.031250 -5.084089
0.035156 -5.084089
0.019531 -5.108151
0.031250 -5.073776
0.033203 -5.094401
0.023438 -5.118464
0.025391 -5.104714
0.019531 -5.152839
0.013672 -5.163152
0.021484 -5.156277
0.017578 -5.149402
0.029297 -5.128777
0.029297 -5.128777
0.023438 -5.149402
0.023438 -5.170027
0.017578 -5.187214
0.021484 -5.170027
0.015625 -5.194089
0.015625 -5.190652
0.009766 -5.200964
0.013672 -5.194089
0.019531 -5.190652
0.013672 -5.197527
0.019531 -5.180339
0.005859 -5.214715
0.009766 -5.225027
0.011719 -5.228465
0.011719 -5.214715
0.009766 -5.228465
0.136719 -4.475325
0.099609 -4.756150
0.064453 -4.891231
0.070312 -4.937442
0.066406 -4.987209
0.064453 -4.980100
0.068359 -5.026311
0.054688 -5.076077
0.044922 -5.083186
0.058594 -5.047640
0.044922 -5.086742
0.056641 -5.093852
0.046875 -5.111625
0.048828 -5.132953
0.046875 -5.143618
0.052734 -5.164945
0.041016 -5.182719
0.052734 -5.164946
0.037109 -5.211156
0.041016 -5.193383
0.029297 -5.232485
0.027344 -5.239594
0.029297 -5.246704
0.035156 -5.239594
0.033203 -5.257368
0.029297 -5.260922
0.037109 -5.243149
0.027344 -5.253812
0.029297 -5.232485
0.025391 -5.260923
0.033203 -5.260922
0.029297 -5.268031
0.031250 -5.250258
0.031250 -5.236040
0.031250 -5.253813
0.027344 -5.232484
0.039062 -5.239594
0.023438 -5.253813
0.039062 -5.243148
0.027344 -5.243148
0.035156 -5.232486
0.027344 -5.253814
0.023438 -5.246706
0.037109 -5.250260
0.037109 -5.257369
0.033203 -5.243151
0.029297 -5.264480
0.031250 -5.268034
0.029297 -5.275143
0.029297 -5.268034
0.142578 -4.648582
0.089844 -4.923963
0.060547 -5.096535
0.070312 -5.114892
0.068359 -5.169968
0.052734 -5.214028
0.044922 -5.239731
0.060547 -5.210357
0.048828 -5.272776
0.044922 -5.276447
0.033203 -5.309494
0.048828 -5.287464
0.042969 -5.324181
0.035156 -5.320509
0.033203 -5.324180
0.041016 -5.335196
0.046875 -5.320508
0.048828 -5.324180
0.039062 -5.353553
0.042969 -5.360896
0.029297 -5.371911
0.033203 -5.371911
0.027344 -5.386598
0.041016 -5.371911
0.044922 -5.364567
0.039062 -5.368238
0.027344 -5.415972
0.031250 -5.401285
0.025391 -5.397613
0.029297 -5.412300
0.023438 -5.415972
0.035156 -5.401286
0.037109 -5.386597
0.025391 -5.415972
0.035156 -5.401285
0.029297 -5.423316
0.023438 -5.441674
0.027344 -5.445345
0.017578 -5.441673
0.025391 -5.430659
0.033203 -5.404957
0.021484 -5.434330
0.029297 -5.423315
0.027344 -5.426987
0.023438 -5.438002
0.027344 -5.430658
0.029297 -5.430658
0.027344 -5.438001
0.031250 -5.434329
0.029297 -5.441672
0.101562 -4.846145
0.103516 -5.050748
0.062500 -5.221251
0.054688 -5.289452
0.062500 -5.323552
0.050781 -5.369020
0.056641 -5.410698
0.058594 -5.410698
0.048828 -5.467532
0.050781 -5.452376
0.048828 -5.475110
0.037109 -5.482688
0.042969 -5.486477
0.048828 -5.463743
0.042969 -5.497844
0.035156 -5.497844
0.041016 -5.478899
0.041016 -5.501633
0.031250 -5.490266
0.037109 -5.490266
0.044922 -5.501633
0.050781 -5.497844
0.054688 -5.494055
0.042969 -5.539522
0.050781 -5.528155
0.044922 -5.505422
0.042969 -5.524366
0.044922 -5.531944
0.037109 -5.554678
0.037109 -5.566045
0.035156 -5.577412
0.035156 -5.584990
0.035156 -5.577412
0.025391 -5.588778
0.029297 -5.584990
0.029297 -5.592567
0.035156 -5.569834
0.035156 -5.581201
0.025391 -5.592567
0.029297 -5.588778
0.013672 -5.607723
0.023438 -5.600145
0.027344 -5.607723
0.027344 -5.607723
0.027344 -5.626668
0.025391 -5.615301
0.023438 -5.634246
0.023438 -5.630457
0.027344 -5.626668
0.021484 -5.641824
0.097656 -5.011718
0.082031 -5.253906
0.074219 -5.398437
0.052734 -5.488281
0.050781 -5.535156
0.042969 -5.589843
0.044922 -5.605468
0.046875 -5.640625
0.042969 -5.636718
0.041016 -5.656250
0.033203 -5.691406
0.027344 -5.710937
0.031250 -5.710937
0.041016 -5.703125
0.042969 -5.703125
0.031250 -5.722656
0.044922 -5.714843
0.035156 -5.746093
0.033203 -5.753906
0.035156 -5.757812
0.037109 -5.753906
0.029297 -5.757812
0.035156 -5.753906
0.023438 -5.769531
0.027344 -5.773437
0.031250 -5.761718
0.029297 -5.765625
0.029297 -5.785156
0.023438 -5.792968
0.023438 -5.781250
0.021484 -5.785156
0.025391 -5.792968
0.033203 -5.781250
0.019531 -5.792968
0.031250 -5.781250
0.027344 -5.792968
0.035156 -5.777343
0.021484 -5.792968
0.023438 -5.808593
0.023438 -5.796875
0.027344 -5.804687
0.025391 -5.804687
0.021484 -5.796875
0.023438 -5.812500
0.031250 -5.796875
0.019531 -5.808593
0.029297 -5.792968
0.013672 -5.816406
0.027344 -5.808593
0.023438 -5.796875
0.130859 -5.085697
0.095703 -5.399534
0.076172 -5.556452
0.072266 -5.612782
0.054688 -5.697277
0.062500 -5.741536
0.052734 -5.805912
0.042969 -5.858219
0.031250 -5.902478
0.025391 -5.930643
0.025391 -5.930643
0.017578 -5.970878
0.019531 -5.978925
0.021484 -5.995019
0.021484 -5.986972
0.025391 -5.999043
0.023438 -5.990996
0.029297 -5.982949
0.021484 -6.003067
0.023438 -6.011114
0.017578 -6.015137
0.029297 -5.986972
0.017578 -6.031231
0.019531 -6.019161
0.007812 -6.015137
0.009766 -6.027208
0.015625 -6.039279
0.011719 -6.055373
0.015625 -6.055373
0.009766 -6.063420
0.007812 -6.091585
0.005859 -6.103655
0.007812 -6.095608
0.007812 -6.091585
0.011719 -6.087561
0.015625 -6.087561
0.009766 -6.099632
0.009766 -6.087561
0.009766 -6.091585
0.003906 -6.115726
0.005859 -6.123773
0.005859 -6.135844
0.003906 -6.147914
0.005859 -6.127797
0.001953 -6.159985
0.001953 -6.172056
0.000000 -6.180103
0.000000 -6.180103
0.003906 -6.164009
0.000000 -6.180103
0.103516 -5.333156
0.089844 -5.527773
0.074219 -5.643713
0.074219 -5.705826
0.074219 -5.755516
0.056641 -5.821769
0.052734 -5.838332
0.066406 -5.842473
0.058594 -5.896304
0.050781 -5.900445
0.056641 -5.921149
0.044922 -5.937712
0.050781 -5.954275
0.035156 -5.979121
0.044922 -5.995684
0.031250 -6.024669
0.033203 -6.028810
0.037109 -6.028811
0.042969 -6.028810
0.033203 -6.045373
0.039062 -6.061936
0.033203 -6.070218
0.027344 -6.095062
0.017578 -6.111625
0.021484 -6.107484
0.027344 -6.115766
0.031250 -6.115766
0.029297 -6.103344
0.027344 -6.095063
0.033203 -6.107486
0.029297 -6.107485
0.023438 -6.115767
0.025391 -6.132331
0.025391 -6.124049
0.025391 -6.128191
0.019531 -6.148895
0.031250 -6.144754
0.023438 -6.161317
0.031250 -6.124050
0.021484 -6.144754
0.019531 -6.161317
0.019531 -6.182022
0.017578 -6.182022
0.015625 -6.186162
0.011719 -6.186162
0.019531 -6.186162
0.021484 -6.169600
0.015625 -6.194444
0.019531 -6.190303
0.015625 -6.194444
0.109375 -5.539436
0.083984 -5.897093
0.056641 -6.029086
0.042969 -6.071663
0.042969 -6.084437
0.035156 -6.127015
0.037109 -6.156818
0.039062 -6.182364
0.031250 -6.173849
0.037109 -6.186622
0.037109 -6.182364
0.041016 -6.165333
0.031250 -6.195138
0.042969 -6.190880
0.037109 -6.178107
0.039062 -6.195138
0.037109 -6.178106
0.029297 -6.195138
0.048828 -6.169590
0.042969 -6.186622
0.050781 -6.190880
0.039062 -6.220684
0.033203 -6.220683
0.029297 -6.224941
0.037109 -6.220684
0.035156 -6.220684
0.025391 -6.233457
0.023438 -6.237714
0.027344 -6.233457
0.035156 -6.224942
0.023438 -6.246230
0.035156 -6.237714
0.039062 -6.229199
0.041016 -6.207910
0.023438 -6.259003
0.025391 -6.250487
0.041016 -6.229199
0.023438 -6.254745
0.041016 -6.237714
0.023438 -6.241972
0.027344 -6.241972
0.029297 -6.246230
0.037109 -6.246231
0.041016 -6.237715
0.048828 -6.220684
0.041016 -6.229199
0.019531 -6.259003
0.048828 -6.237715
0.041016 -6.246231
0.037109 -6.241972
0.121094 -5.538727
0.068359 -5.910601
0.060547 -6.081225
0.046875 -6.203724
0.033203 -6.291224
0.029297 -6.330599
0.023438 -6.369974
0.033203 -6.387474
0.029297 -6.404974
0.031250 -6.413723
0.029297 -6.448723
0.027344 -6.461848
0.035156 -6.448723
0.019531 -6.457473
0.025391 -6.488098
0.029297 -6.474973
0.031250 -6.474973
0.017578 -6.496848
0.021484 -6.492473
0.015625 -6.496848
0.015625 -6.509973
0.021484 -6.496848
0.015625 -6.505598
0.023438 -6.496848
0.025391 -6.488098
0.023438 -6.501223
0.027344 -6.501223
0.025391 -6.483723
0.023438 -6.509973
0.017578 -6.509973
0.025391 -6.505598
0.019531 -6.514348
0.021484 -6.505598
0.017578 -6.514348
0.017578 -6.518723
0.013672 -6.514348
0.019531 -6.509973
0.019531 -6.518723
0.021484 -6.501223
0.029297 -6.501223
0.033203 -6.488098
0.021484 -6.514348
0.019531 -6.523098
0.023438 -6.523098
0.019531 -6.531848
0.017578 -6.531848
0.011719 -6.509973
0.023438 -6.488098
0.015625 -6.536223
0.017578 -6.509973
0.109375 -5.835412
0.072266 -6.163349
0.054688 -6.235225
0.039062 -6.361009
0.048828 -6.378978
0.048828 -6.423901
0.046875 -6.428393
0.054688 -6.446362
0.044922 -6.482301
0.037109 -6.509254
0.033203 -6.518239
0.035156 -6.536208
0.027344 -6.554177
0.025391 -6.536208
0.029297 -6.554177
0.029297 -6.558670
0.025391 -6.581131
0.025391 -6.576639
0.027344 -6.603592
0.017578 -6.603592
0.027344 -6.612577
0.027344 -6.603592
0.019531 -6.630546
0.019531 -6.648515
0.025391 -6.630546
0.021484 -6.644023
0.023438 -6.639531
0.025391 -6.630546
0.029297 -6.626054
0.025391 -6.644023
0.023438 -6.639531
0.025391 -6.626054
0.029297 -6.635038
0.031250 -6.630546
0.017578 -6.644023
0.025391 -6.644023
0.029297 -6.635038
0.027344 -6.648515
0.031250 -6.639531
0.027344 -6.644023
0.013672 -6.648515
0.029297 -6.630546
0.017578 -6.661992
0.015625 -6.653008
0.023438 -6.635038
0.033203 -6.635038
0.025391 -6.639531
0.027344 -6.653008
0.021484 -6.657500
0.025391 -6.648515
0.125000 -5.794012
0.064453 -6.167384
0.050781 -6.351765
0.046875 -6.443955
0.052734 -6.540756
0.039062 -6.582241
0.044922 -6.591459
0.039062 -6.605288
0.048828 -6.605288
0.039062 -6.632946
0.029297 -6.669822
0.037109 -6.679041
0.046875 -6.674432
0.037109 -6.702089
0.025391 -6.720528
0.029297 -6.738966
0.031250 -6.715918
0.035156 -6.748185
0.027344 -6.752795
0.029297 -6.766623
0.029297 -6.780453
0.023438 -6.798891
0.027344 -6.812719
0.029297 -6.812719
0.021484 -6.821938
0.021484 -6.844986
0.023438 -6.840377
0.019531 -6.872643
0.015625 -6.918738
0.011719 -6.951004
0.009766 -6.960223
0.011719 -6.955614
0.015625 -6.951004
0.009766 -6.951004
0.007812 -6.964833
0.009766 -6.960224
0.007812 -6.964833
0.009766 -6.964833
0.013672 -6.946394
0.009766 -6.964832
0.011719 -6.960223
0.013672 -6.960223
0.007812 -6.955613
0.005859 -6.964832
0.007812 -6.969442
0.009766 -6.969442
0.011719 -6.960223
0.007812 -6.960223
0.007812 -6.974051
0.011719 -6.955614
0.083984 -6.158698
0.050781 -6.574630
0.052734 -6.669162
0.033203 -6.763693
0.039062 -6.810958
0.039062 -6.820411
0.025391 -6.834590
0.031250 -6.844043
0.033203 -6.839317
0.037109 -6.858222
0.039062 -6.848770
0.039062 -6.867675
0.025391 -6.891307
0.039062 -6.886580
0.035156 -6.900760
0.029297 -6.924392
0.033203 -6.924392
0.025391 -6.948024
0.013672 -6.976383
0.033203 -6.971657
0.027344 -6.976383
0.027344 -6.990562
0.029297 -6.990562
0.015625 -7.000015
0.021484 -6.985836
0.027344 -6.995289
0.021484 -6.995289
0.023438 -6.990562
0.025391 -7.000015
0.019531 -7.018921
0.019531 -7.028374
0.011719 -7.033100
0.023438 -7.028374
0.015625 -7.028374
0.013672 -7.037827
0.015625 -7.061459
0.015625 -7.066185
0.023438 -7.056732
0.021484 -7.070912
0.019531 -7.094545
0.013672 -7.099272
0.015625 -7.103998
0.011719 -7.108725
0.007812 -7.113451
0.009766 -7.113451
0.015625 -7.108724
0.015625 -7.099271
0.013672 -7.108725
0.011719 -7.118177
0.011719 -7.108724
0.117188 -6.277455
0.074219 -6.640734
0.039062 -6.810264
0.039062 -6.882919
0.050781 -6.926513
0.029297 -6.979794
0.031250 -7.033074
0.042969 -7.047606
0.033203 -7.081511
0.029297 -7.076668
0.025391 -7.081511
0.023438 -7.125105
0.021484 -7.144480
0.021484 -7.183229
0.017578 -7.197761
0.019531 -7.197761
0.013672 -7.197761
0.029297 -7.178386
0.021484 -7.202604
0.017578 -7.192917
0.021484 -7.192917
0.015625 -7.212292
0.021484 -7.217135
0.017578 -7.212292
0.019531 -7.221979
0.021484 -7.217135
0.023438 -7.207448
0.023438 -7.221979
0.015625 -7.231667
0.017578 -7.231667
0.019531 -7.226823
0.017578 -7.226823
0.017578 -7.226823
0.021484 -7.221979
0.019531 -7.226823
0.017578 -7.241354
0.013672 -7.246198
0.019531 -7.246198
0.011719 -7.255885
0.011719 -7.275260
0.013672 -7.280104
0.007812 -7.289791
0.007812 -7.289791
0.013672 -7.289791
0.013672 -7.275260
0.015625 -7.280104
0.009766 -7.299479
0.013672 -7.275260
0.015625 -7.284947
0.009766 -7.309166
0.091797 -6.369894
0.082031 -6.692359
0.068359 -6.880878
0.050781 -7.029708
0.044922 -7.084280
0.041016 -7.104124
0.039062 -7.114046
0.037109 -7.148773
0.029297 -7.178539
0.023438 -7.183500
0.033203 -7.198383
0.029297 -7.208305
0.021484 -7.228149
0.029297 -7.238071
0.025391 -7.257915
0.021484 -7.252954
0.031250 -7.257915
0.031250 -7.282720
0.031250 -7.252954
0.037109 -7.262876
0.033203 -7.272798
0.035156 -7.272798
0.017578 -7.282720
0.023438 -7.287681
0.019531 -7.297603
0.029297 -7.292642
0.029297 -7.292642
0.027344 -7.277759
0.017578 -7.282720
0.035156 -7.287681
0.027344 -7.292642
0.039062 -7.282720
0.031250 -7.302564
0.027344 -7.317447
0.023438 -7.322408
0.029297 -7.317447
0.025391 -7.317447
0.025391 -7.302564
0.037109 -7.297603
0.023438 -7.297603
0.029297 -7.302564
0.009766 -7.332330
0.025391 -7.337291
0.023438 -7.327369
0.017578 -7.327369
0.029297 -7.337291
0.029297 -7.337291
0.017578 -7.352174
0.019531 -7.352174
0.009766 -7.362096
0.080078 -6.616827
0.058594 -7.018007
0.064453 -7.124650
0.058594 -7.180511
0.042969 -7.246529
0.039062 -7.307469
0.039062 -7.353173
0.039062 -7.373487
0.021484 -7.398878
0.033203 -7.398878
0.025391 -7.398878
0.033203 -7.403956
0.031250 -7.403956
0.027344 -7.414113
0.015625 -7.419191
0.029297 -7.429348
0.027344 -7.459818
0.025391 -7.464896
0.025391 -7.485209
0.035156 -7.469975
0.021484 -7.480131
0.027344 -7.490288
0.029297 -7.485209
0.027344 -7.485209
0.029297 -7.495366
0.023438 -7.490288
0.027344 -7.485209
0.025391 -7.500445
0.019531 -7.510601
0.025391 -7.515679
0.025391 -7.525836
0.025391 -7.525836
0.023438 -7.515680
0.023438 -7.530914
0.023438 -7.520758
0.015625 -7.535993
0.023438 -7.535993
0.025391 -7.515680
0.019531 -7.530914
0.017578 -7.535993
0.017578 -7.551228
0.015625 -7.551228
0.013672 -7.551228
0.013672 -7.566463
0.017578 -7.561384
0.015625 -7.571541
0.015625 -7.581697
0.013672 -7.571541
0.007812 -7.581697
0.015625 -7.581697
0.078125 -6.743467
0.080078 -7.075962
0.056641 -7.211037
0.039062 -7.330525
0.041016 -7.351306
0.048828 -7.361697
0.046875 -7.372087
0.048828 -7.403258
0.035156 -7.439624
0.042969 -7.475990
0.039062 -7.486380
0.044922 -7.507160
0.029297 -7.564308
0.019531 -7.579894
0.033203 -7.569503
0.039062 -7.579894
0.015625 -7.600674
0.029297 -7.600674
0.025391 -7.611064
0.023438 -7.611064
0.029297 -7.616260
0.027344 -7.621455
0.039062 -7.611064
0.027344 -7.631845
0.031250 -7.626650
0.029297 -7.631845
0.025391 -7.642235
0.031250 -7.647431
0.019531 -7.657821
0.017578 -7.668211
0.023438 -7.663016
0.025391 -7.657821
0.021484 -7.673407
0.025391 -7.668211
0.019531 -7.673407
0.027344 -7.673407
0.035156 -7.663016
0.025391 -7.673407
0.023438 -7.688992
0.023438 -7.683797
0.027344 -7.683797
0.035156 -7.673407
0.017578 -7.694188
0.019531 -7.678602
0.021484 -7.694188
0.025391 -7.694188
0.019531 -7.694188
0.015625 -7.694187
0.019531 -7.699382
0.017578 -7.709773
0.113281 -6.789308
0.078125 -7.102742
0.066406 -7.208991
0.064453 -7.309927
0.056641 -7.400239
0.042969 -7.511800
0.056641 -7.517112
0.056641 -7.538362
0.048828 -7.554299
0.054688 -7.570237
0.050781 -7.575549
0.039062 -7.602111
0.039062 -7.628674
0.048828 -7.612736
0.041016 -7.628674
0.037109 -7.649923
0.029297 -7.671173
0.052734 -7.649923
0.031250 -7.665861
0.037109 -7.671173
0.041016 -7.681798
0.035156 -7.708360
0.041016 -7.692423
0.041016 -7.703048
0.035156 -7.724298
0.035156 -7.724298
0.023438 -7.734922
0.027344 -7.745547
0.021484 -7.782734
0.023438 -7.798672
0.029297 -7.814609
0.027344 -7.809297
0.029297 -7.857109
0.017578 -7.873046
0.019531 -7.878358
0.013672 -7.894296
0.015625 -7.899608
0.017578 -7.894296
0.017578 -7.888983
0.013672 -7.883671
0.019531 -7.899608
0.021484 -7.899608
0.015625 -7.915545
0.023438 -7.910233
0.013672 -7.910233
0.017578 -7.920858
0.017578 -7.910233
0.013672 -7.915545
0.017578 -7.920858
0.009766 -7.920858
0.097656 -6.933744
0.074219 -7.389843
0.056641 -7.509297
0.044922 -7.569024
0.058594 -7.628751
0.041016 -7.688478
0.042969 -7.710197
0.037109 -7.769925
0.042969 -7.786214
0.027344 -7.813363
0.037109 -7.835082
0.027344 -7.862230
0.029297 -7.867660
0.021484 -7.889379
0.025391 -7.911098
0.033203 -7.894809
0.029297 -7.916528
0.021484 -7.911098
0.027344 -7.927387
0.029297 -7.938247
0.025391 -7.938247
0.019531 -7.970825
0.019531 -7.976255
0.027344 -7.970825
0.027344 -7.976255
0.025391 -7.987114
0.025391 -7.981685
0.019531 -7.992544
0.027344 -7.987114
0.029297 -7.992544
0.023438 -8.003404
0.025391 -8.008833
0.029297 -8.003403
0.025391 -8.008833
0.029297 -8.014262
0.011719 -8.030550
0.023438 -8.019691
0.015625 -8.030550
0.023438 -8.035979
0.013672 -8.035979
0.021484 -8.041409
0.017578 -8.052267
0.017578 -8.041409
0.017578 -8.046838
0.021484 -8.046838
0.023438 -8.046838
0.017578 -8.052267
0.019531 -8.057696
0.023438 -8.052267
0.017578 -8.046839
0.089844 -7.122241
0.076172 -7.532714
0.056641 -7.676935
0.046875 -7.787875
0.048828 -7.821157
0.033203 -7.882174
0.041016 -7.915457
0.029297 -7.954286
0.037109 -7.959833
0.035156 -7.998662
0.025391 -8.037488
0.041016 -8.070768
0.023438 -8.104048
0.025391 -8.137328
0.025391 -8.137328
0.035156 -8.126234
0.019531 -8.148421
0.035156 -8.131781
0.019531 -8.148421
0.017578 -8.165061
0.015625 -8.170608
0.029297 -8.170608
0.023438 -8.176154
0.023438 -8.170607
0.025391 -8.187247
0.023438 -8.187247
0.023438 -8.181701
0.025391 -8.192794
0.025391 -8.203887
0.019531 -8.220527
0.023438 -8.220527
0.015625 -8.237167
0.021484 -8.237167
0.011719 -8.248260
0.011719 -8.253807
0.015625 -8.253807
0.013672 -8.259354
0.013672 -8.264900
0.021484 -8.259354
0.017578 -8.259354
0.017578 -8.264900
0.015625 -8.264900
0.017578 -8.275993
0.015625 -8.275993
0.017578 -8.275993
0.019531 -8.275993
0.013672 -8.281540
0.013672 -8.281540
0.015625 -8.281540
0.015625 -8.292633
0.089844 -7.380226
0.046875 -7.793695
0.044922 -7.940957
0.044922 -8.020252
0.037109 -8.122202
0.035156 -8.212824
0.029297 -8.258135
0.031250 -8.286454
0.041016 -8.280790
0.031250 -8.297782
0.027344 -8.314774
0.017578 -8.314774
0.023438 -8.320437
0.029297 -8.314774
0.029297 -8.320437
0.029297 -8.326101
0.023438 -8.326101
0.037109 -8.326101
0.023438 -8.337429
0.031250 -8.337429
0.029297 -8.343093
0.035156 -8.331765
0.019531 -8.348757
0.027344 -8.348757
0.021484 -8.343093
0.027344 -8.354421
0.031250 -8.354421
0.029297 -8.354421
0.033203 -8.348757
0.027344 -8.354421
0.029297 -8.365748
0.027344 -8.371412
0.017578 -8.377076
0.027344 -8.377076
0.027344 -8.382740
0.023438 -8.388404
0.023438 -8.394068
0.027344 -8.382740
0.027344 -8.394068
0.023438 -8.394068
0.025391 -8.388404
0.013672 -8.399732
0.023438 -8.411059
0.023438 -8.411059
0.019531 -8.405396
0.025391 -8.416723
0.025391 -8.416723
0.019531 -8.399732
0.017578 -8.411059
0.019531 -8.416723
0.101562 -7.353687
0.074219 -7.821962
0.052734 -8.047428
0.060547 -8.145708
0.041016 -8.209301
0.035156 -8.249769
0.031250 -8.290237
0.023438 -8.336487
0.029297 -8.376955
0.027344 -8.400080
0.025391 -8.411642
0.029297 -8.405861
0.033203 -8.423204
0.035156 -8.417423
0.025391 -8.428986
0.029297 -8.434767
0.025391 -8.457891
0.021484 -8.486797
0.027344 -8.498360
0.017578 -8.544609
0.015625 -8.556171
0.017578 -8.573515
0.017578 -8.585077
0.019531 -8.585077
0.013672 -8.590858
0.015625 -8.596640
0.021484 -8.613983
0.013672 -8.625546
0.013672 -8.631327
0.015625 -8.648670
0.011719 -8.654451
0.017578 -8.648670
0.013672 -8.654451
0.015625 -8.660233
0.017578 -8.660233
0.015625 -8.660233
0.013672 -8.666014
0.013672 -8.666014
0.013672 -8.671795
0.005859 -8.677576
0.015625 -8.677576
0.011719 -8.683357
0.013672 -8.677576
0.013672 -8.694920
0.009766 -8.700701
0.011719 -8.706482
0.009766 -8.706482
0.015625 -8.694920
0.011719 -8.689138
0.017578 -8.694920
0.101562 -7.591334
0.074219 -7.951141
0.064453 -8.116298
0.056641 -8.210673
0.050781 -8.293252
0.050781 -8.334541
0.041016 -8.358135
0.042969 -8.375831
0.041016 -8.393526
0.035156 -8.393526
0.046875 -8.417120
0.039062 -8.446612
0.027344 -8.470206
0.027344 -8.476105
0.035156 -8.499699
0.037109 -8.482003
0.035156 -8.517394
0.035156 -8.523293
0.037109 -8.529191
0.021484 -8.564582
0.029297 -8.582277
0.031250 -8.599973
0.023438 -8.629465
0.029297 -8.635364
0.029297 -8.670754
0.023438 -8.682551
0.021484 -8.682551
0.019531 -8.688450
0.025391 -8.694348
0.025391 -8.706145
0.017578 -8.700247
0.019531 -8.717942
0.021484 -8.717942
0.021484 -8.723841
0.015625 -8.735638
0.013672 -8.753333
0.013672 -8.771029
0.019531 -8.771029
0.013672 -8.794622
0.007812 -8.806419
0.011719 -8.824115
0.009766 -8.841810
0.015625 -8.835912
0.019531 -8.841810
0.015625 -8.841810
0.017578 -8.847709
0.007812 -8.847709
0.013672 -8.853607
0.013672 -8.853607
0.015625 -8.847709
0.095703 -7.790260
0.064453 -8.265502
0.060547 -8.421912
0.031250 -8.590354
0.035156 -8.602386
0.039062 -8.626449
0.023438 -8.674575
0.035156 -8.698638
0.025391 -8.746764
0.033203 -8.764812
0.029297 -8.794890
0.029297 -8.824969
0.027344 -8.837001
0.027344 -8.824969
0.023438 -8.837001
0.023438 -8.837001
0.025391 -8.849032
0.023438 -8.849032
0.019531 -8.861064
0.019531 -8.861064
0.025391 -8.867080
0.021484 -8.879111
0.017578 -8.879111
0.021484 -8.885127
0.023438 -8.885127
0.027344 -8.891143
0.019531 -8.891143
0.025391 -8.891143
0.023438 -8.891143
0.021484 -8.885127
0.025391 -8.879111
0.013672 -8.903174
0.021484 -8.909190
0.025391 -8.915206
0.025391 -8.915206
0.021484 -8.903174
0.017578 -8.909190
0.015625 -8.915206
0.027344 -8.915206
0.027344 -8.909190
0.019531 -8.915206
0.023438 -8.921222
0.023438 -8.921222
0.025391 -8.909190
0.017578 -8.927238
0.023438 -8.927238
0.019531 -8.933253
0.025391 -8.933253
0.019531 -8.939269
0.027344 -8.939269
0.080078 -7.905117
0.054688 -8.457075
0.044922 -8.592000
0.046875 -8.702394
0.044922 -8.757591
0.039062 -8.794390
0.029297 -8.843453
0.035156 -8.886384
0.031250 -8.898650
0.029297 -8.910916
0.025391 -8.929315
0.023438 -8.947714
0.027344 -8.947714
0.023438 -8.953847
0.031250 -8.947714
0.033203 -8.947714
0.027344 -8.953847
0.033203 -8.941581
0.037109 -8.947714
0.031250 -8.953847
0.023438 -8.959980
0.019531 -8.966113
0.023438 -8.966113
0.031250 -8.972246
0.035156 -8.984512
0.023438 -8.984512
0.025391 -8.990645
0.017578 -8.978379
0.029297 -8.984512
0.019531 -8.996778
0.025391 -8.996778
0.029297 -9.002912
0.029297 -9.002912
0.029297 -9.002912
0.029297 -8.996778
0.021484 -9.002912
0.033203 -9.002912
0.029297 -9.002912
0.021484 -9.002912
0.029297 -9.009045
0.029297 -8.996778
0.033203 -9.002912
0.031250 -9.002912
0.033203 -8.996778
0.021484 -9.009045
0.029297 -8.996778
0.027344 -9.002912
0.025391 -9.015178
0.025391 -9.015178
0.023438 -9.015178
0.109375 -7.968661
0.068359 -8.481173
0.044922 -8.637429
0.048828 -8.718682
0.035156 -8.762435
0.042969 -8.824937
0.046875 -8.893690
0.044922 -8.899940
0.041016 -8.962443
0.035156 -8.999946
0.033203 -9.018697
0.025391 -9.043698
0.025391 -9.056198
0.023438 -9.081200
0.023438 -9.087450
0.031250 -9.093700
0.027344 -9.118702
0.031250 -9.131203
0.021484 -9.131203
0.029297 -9.131203
0.023438 -9.143703
0.025391 -9.137453
0.033203 -9.131203
0.025391 -9.149954
0.025391 -9.149954
0.021484 -9.156204
0.025391 -9.168705
0.023438 -9.174955
0.021484 -9.174955
0.027344 -9.168705
0.023438 -9.168705
0.025391 -9.174955
0.023438 -9.174955
0.017578 -9.187456
0.029297 -9.193707
0.023438 -9.193707
0.023438 -9.199957
0.021484 -9.199957
0.027344 -9.199957
0.023438 -9.199957
0.023438 -9.199957
0.021484 -9.212458
0.033203 -9.199957
0.027344 -9.212458
0.027344 -9.212458
0.027344 -9.212458
0.025391 -9.206207
0.023438 -9.199957
0.031250 -9.199957
0.021484 -9.206207
0.087891 -8.213683
0.058594 -8.716668
0.058594 -8.901305
0.042969 -9.041375
0.042969 -9.105043
0.046875 -9.111410
0.039062 -9.136877
0.035156 -9.155977
0.033203 -9.175077
0.037109 -9.175077
0.033203 -9.181444
0.035156 -9.206911
0.037109 -9.194178
0.037109 -9.206911
0.037109 -9.206911
0.029297 -9.206911
0.031250 -9.213278
0.046875 -9.200544
0.029297 -9.219645
0.041016 -9.213277
0.029297 -9.232378
0.025391 -9.251478
0.033203 -9.245111
0.027344 -9.257845
0.029297 -9.276945
0.021484 -9.264212
0.027344 -9.270578
0.033203 -9.270578
0.029297 -9.264212
0.027344 -9.276945
0.027344 -9.270578
0.025391 -9.276945
0.021484 -9.296045
0.025391 -9.302412
0.017578 -9.308779
0.021484 -9.302412
0.029297 -9.302412
0.015625 -9.315145
0.025391 -9.308779
0.015625 -9.315145
0.011719 -9.315145
0.021484 -9.321512
0.019531 -9.327879
0.023438 -9.334246
0.019531 -9.340612
0.025391 -9.340612
0.027344 -9.334246
0.019531 -9.334246
0.021484 -9.359713
0.013672 -9.378813
0.099609 -8.416723
0.064453 -8.864132
0.056641 -9.091078
0.037109 -9.201308
0.029297 -9.279119
0.031250 -9.318024
0.029297 -9.395835
0.025391 -9.434741
0.031250 -9.447709
0.029297 -9.467161
0.027344 -9.473645
0.021484 -9.486613
0.031250 -9.499581
0.013672 -9.506065
0.027344 -9.519033
0.017578 -9.525517
0.019531 -9.538486
0.021484 -9.583876
0.019531 -9.590360
0.015625 -9.583876
0.019531 -9.590360
0.019531 -9.603328
0.013672 -9.603328
0.017578 -9.609812
0.027344 -9.609812
0.017578 -9.609812
0.019531 -9.609812
0.029297 -9.609812
0.021484 -9.609812
0.023438 -9.616296
0.013672 -9.616296
0.025391 -9.616296
0.019531 -9.616296
0.021484 -9.616296
0.025391 -9.616296
0.021484 -9.616296
0.017578 -9.616296
0.021484 -9.616296
0.019531 -9.616296
0.023438 -9.616296
0.017578 -9.616296
0.023438 -9.616296
0.031250 -9.609812
0.027344 -9.616296
0.023438 -9.616296
0.017578 -9.635748
0.023438 -9.635748
0.023438 -9.629264
0.019531 -9.635748
0.017578 -9.635748
0.089844 -8.608323
0.068359 -9.004403
0.042969 -9.215646
0.031250 -9.440091
0.041016 -9.453294
0.039062 -9.499503
0.035156 -9.506104
0.031250 -9.545712
0.023438 -9.572118
0.021484 -9.598523
0.019531 -9.618327
0.029297 -9.624928
0.027344 -9.644732
0.019531 -9.651334
0.017578 -9.664536
0.019531 -9.671138
0.023438 -9.671138
0.019531 -9.684340
0.025391 -9.684340
0.015625 -9.697543
0.021484 -9.704144
0.021484 -9.704144
0.017578 -9.730550
0.017578 -9.737151
0.021484 -9.743752
0.015625 -9.756955
0.021484 -9.743752
0.015625 -9.756955
0.013672 -9.763556
0.021484 -9.763556
0.019531 -9.763556
0.013672 -9.770158
0.013672 -9.776759
0.025391 -9.763556
0.019531 -9.776759
0.023438 -9.770158
0.019531 -9.776759
0.021484 -9.783360
0.015625 -9.783360
0.025391 -9.776759
0.025391 -9.789962
0.017578 -9.789962
0.021484 -9.796563
0.017578 -9.803164
0.019531 -9.796563
0.021484 -9.803164
0.015625 -9.796563
0.011719 -9.816367
0.015625 -9.816367
0.023438 -9.816367
0.101562 -8.687223
0.066406 -9.224714
0.048828 -9.291901
0.046875 -9.379243
0.046875 -9.446429
0.048828 -9.500178
0.050781 -9.513616
0.042969 -9.527053
0.039062 -9.540490
0.035156 -9.574083
0.037109 -9.580802
0.041016 -9.580802
0.031250 -9.614395
0.029297 -9.634551
0.025391 -9.641270
0.027344 -9.654707
0.035156 -9.668144
0.025391 -9.688300
0.035156 -9.688300
0.035156 -9.721893
0.037109 -9.748768
0.027344 -9.768924
0.033203 -9.748768
0.027344 -9.782361
0.023438 -9.782361
0.029297 -9.775642
0.031250 -9.789080
0.025391 -9.795798
0.033203 -9.795798
0.031250 -9.815954
0.027344 -9.815954
0.027344 -9.815954
0.033203 -9.815954
0.023438 -9.836110
0.023438 -9.856266
0.027344 -9.849547
0.027344 -9.849547
0.027344 -9.862985
0.029297 -9.889859
0.015625 -9.916734
0.021484 -9.950327
0.021484 -9.957046
0.017578 -9.957046
0.019531 -9.957046
0.017578 -9.963764
0.019531 -9.963764
0.015625 -9.963764
0.021484 -9.963764
0.017578 -9.963764
0.023438 -9.970483
0.085938 -8.886718
0.082031 -9.331054
0.050781 -9.522460
0.054688 -9.583983
0.052734 -9.631835
0.041016 -9.700194
0.029297 -9.775390
0.033203 -9.823241
0.037109 -9.884765
0.031250 -9.898437
0.027344 -9.946288
0.025391 -9.980468
0.033203 -9.987304
0.017578 -10.007812
0.025391 -10.014647
0.025391 -10.028319
0.021484 -10.041991
0.017578 -10.062499
0.017578 -10.096679
0.023438 -10.103515
0.027344 -10.110351
0.021484 -10.117187
0.015625 -10.130858
0.017578 -10.144530
0.019531 -10.144530
0.013672 -10.158202
0.013672 -10.165038
0.019531 -10.165038
0.013672 -10.219726
0.011719 -10.219726
0.013672 -10.226562
0.011719 -10.233397
0.005859 -10.226562
0.011719 -10.233397
0.011719 -10.233397
0.009766 -10.233397
0.015625 -10.233397
0.009766 -10.233397
0.013672 -10.247069
0.009766 -10.260741
0.011719 -10.267577
0.009766 -10.267577
0.005859 -10.274413
0.005859 -10.281249
0.007812 -10.281249
0.007812 -10.281249
0.011719 -10.274413
0.007812 -10.281249
0.011719 -10.281249
0.005859 -10.281249
0.097656 -8.990514
0.066406 -9.484194
0.056641 -9.685838
0.041016 -9.755370
0.046875 -9.797090
0.058594 -9.838809
0.044922 -9.901388
0.044922 -9.929201
0.039062 -9.970921
0.039062 -10.047406
0.029297 -10.082172
0.025391 -10.096079
0.035156 -10.109985
0.027344 -10.130845
0.025391 -10.144752
0.019531 -10.144752
0.027344 -10.165611
0.027344 -10.165611
0.023438 -10.179518
0.021484 -10.186471
0.019531 -10.193424
0.021484 -10.186471
0.021484 -10.200377
0.025391 -10.207331
0.035156 -10.207331
0.023438 -10.207331
0.023438 -10.214284
0.013672 -10.214284
0.031250 -10.207331
0.029297 -10.221237
0.027344 -10.221237
0.017578 -10.228190
0.019531 -10.228190
0.021484 -10.235144
0.029297 -10.235144
0.023438 -10.228190
0.027344 -10.242097
0.023438 -10.235144
0.027344 -10.242097
0.027344 -10.242097
0.027344 -10.249050
0.027344 -10.256003
0.025391 -10.256003
0.021484 -10.256003
0.025391 -10.262957
0.025391 -10.269910
0.019531 -10.269910
0.013672 -10.262957
0.019531 -10.262957
0.017578 -10.262957
0.093750 -9.113757
0.054688 -9.743035
0.041016 -9.990504
0.044922 -10.054139
0.037109 -10.082421
0.046875 -10.103633
0.033203 -10.131915
0.033203 -10.167268
0.025391 -10.216762
0.021484 -10.252114
0.029297 -10.287467
0.031250 -10.308679
0.023438 -10.322820
0.021484 -10.322820
0.027344 -10.336961
0.031250 -10.329890
0.019531 -10.336961
0.029297 -10.344031
0.019531 -10.365243
0.027344 -10.365243
0.027344 -10.421807
0.019531 -10.421807
0.021484 -10.421807
0.023438 -10.421807
0.025391 -10.421807
0.029297 -10.421807
0.023438 -10.435948
0.029297 -10.435948
0.023438 -10.435948
0.025391 -10.435948
0.023438 -10.435948
0.019531 -10.443019
0.029297 -10.435948
0.025391 -10.435948
0.021484 -10.464231
0.019531 -10.464231
0.027344 -10.457160
0.015625 -10.464231
0.015625 -10.478372
0.017578 -10.478372
0.017578 -10.478372
0.019531 -10.485442
0.025391 -10.478372
0.019531 -10.478372
0.015625 -10.478372
0.017578 -10.485442
0.021484 -10.485442
0.015625 -10.492513
0.017578 -10.506654
0.015625 -10.506654
0.103516 -9.221589
0.048828 -9.897223
0.054688 -10.040977
0.031250 -10.170357
0.041016 -10.220671
0.041016 -10.263798
0.035156 -10.321300
0.033203 -10.371614
0.033203 -10.407553
0.033203 -10.457866
0.027344 -10.479429
0.029297 -10.508181
0.023438 -10.515368
0.027344 -10.515368
0.027344 -10.536932
0.027344 -10.544120
0.021484 -10.558496
0.019531 -10.558496
0.021484 -10.565683
0.019531 -10.580059
0.031250 -10.587247
0.015625 -10.608810
0.029297 -10.601623
0.021484 -10.630374
0.025391 -10.630374
0.023438 -10.637562
0.023438 -10.659125
0.013672 -10.666313
0.015625 -10.687877
0.019531 -10.702252
0.017578 -10.687877
0.015625 -10.723816
0.013672 -10.752567
0.009766 -10.810068
0.005859 -10.810068
0.009766 -10.838820
0.007812 -10.881945
0.005859 -10.881945
0.009766 -10.881945
0.003906 -10.889132
0.003906 -10.889132
0.001953 -10.889132
0.007812 -10.889132
0.007812 -10.889132
0.007812 -10.896320
0.005859 -10.889132
0.005859 -10.903508
0.005859 -10.903508
0.005859 -10.903508
0.009766 -10.910696
0.107422 -9.466907
0.062500 -10.124345
0.046875 -10.394626
0.042969 -10.423846
0.033203 -10.474981
0.033203 -10.504201
0.041016 -10.511506
0.033203 -10.548032
0.025391 -10.577252
0.031250 -10.599168
0.033203 -10.606473
0.033203 -10.606473
0.029297 -10.628388
0.031250 -10.635694
0.021484 -10.672218
0.021484 -10.716048
0.023438 -10.745268
0.015625 -10.759878
0.019531 -10.774488
0.021484 -10.781794
0.021484 -10.796404
0.023438 -10.811014
0.027344 -10.818319
0.019531 -10.832930
0.021484 -10.847540
0.017578 -10.854845
0.015625 -10.847540
0.015625 -10.862150
0.013672 -10.869455
0.015625 -10.869455
0.017578 -10.869455
0.011719 -10.884066
0.011719 -10.913284
0.013672 -10.920589
0.007812 -10.920589
0.015625 -10.927895
0.015625 -10.927895
0.013672 -10.927895
0.015625 -10.935200
0.013672 -10.935200
0.011719 -10.935200
0.007812 -10.935200
0.015625 -10.927895
0.013672 -10.935200
0.013672 -10.935200
0.015625 -10.942505
0.019531 -10.942505
0.017578 -10.942505
0.015625 -10.949810
0.015625 -10.949810
0.095703 -9.544573
0.060547 -10.019554
0.056641 -10.271891
0.041016 -10.442588
0.041016 -10.591018
0.042969 -10.680077
0.035156 -10.717184
0.027344 -10.732027
0.033203 -10.739449
0.031250 -10.761713
0.029297 -10.783978
0.046875 -10.769135
0.029297 -10.791399
0.025391 -10.821085
0.015625 -10.843349
0.023438 -10.843349
0.023438 -10.858192
0.029297 -10.850771
0.023438 -10.858192
0.031250 -10.858192
0.029297 -10.858192
0.027344 -10.858192
0.025391 -10.865614
0.031250 -10.873035
0.019531 -10.887878
0.031250 -10.887878
0.023438 -10.887878
0.027344 -10.887878
0.027344 -10.902721
0.017578 -10.924986
0.025391 -10.932407
0.023438 -10.939829
0.017578 -10.962094
0.021484 -10.954673
0.011719 -10.954673
0.023438 -10.962094
0.011719 -10.962094
0.015625 -10.984359
0.023438 -10.991780
0.019531 -11.014045
0.009766 -11.058575
0.009766 -11.065996
0.015625 -11.058575
0.013672 -11.073418
0.013672 -11.080839
0.009766 -11.073418
0.007812 -11.080839
0.007812 -11.088261
0.009766 -11.088261
0.007812 -11.088261
0.091797 -9.846066
0.064453 -10.396415
0.041016 -10.630123
0.037109 -10.720592
0.044922 -10.758286
0.042969 -10.795979
0.031250 -10.833673
0.035156 -10.848751
0.033203 -10.871367
0.031250 -10.871367
0.035156 -10.871367
0.031250 -10.909061
0.033203 -10.916600
0.041016 -10.916600
0.037109 -10.916600
0.029297 -10.939217
0.039062 -10.954294
0.029297 -10.969372
0.035156 -10.969372
0.025391 -10.991988
0.023438 -10.999527
0.025391 -11.014605
0.023438 -11.029682
0.019531 -11.044761
0.017578 -11.059838
0.017578 -11.067377
0.013672 -11.067377
0.021484 -11.074916
0.015625 -11.074916
0.023438 -11.082455
0.023438 -11.089993
0.025391 -11.105071
0.021484 -11.105071
0.025391 -11.105071
0.019531 -11.105071
0.023438 -11.112610
0.025391 -11.120149
0.021484 -11.120149
0.021484 -11.120149
0.023438 -11.120149
0.023438 -11.120149
0.021484 -11.120149
0.027344 -11.127687
0.021484 -11.127687
0.015625 -11.120149
0.025391 -11.127687
0.019531 -11.127687
0.015625 -11.135226
0.027344 -11.127687
0.025391 -11.135226
0.091797 -9.868847
0.070312 -10.443054
0.044922 -10.764610
0.031250 -11.009605
0.031250 -11.078510
0.037109 -11.116791
0.025391 -11.178040
0.011719 -11.239288
0.023438 -11.239288
0.021484 -11.277569
0.015625 -11.285225
0.025391 -11.315849
0.019531 -11.346474
0.011719 -11.354130
0.013672 -11.377098
0.017578 -11.377098
0.017578 -11.392410
0.011719 -11.446003
0.013672 -11.446003
0.009766 -11.468971
0.013672 -11.476627
0.005859 -11.476627
0.007812 -11.476627
0.009766 -11.484283
0.015625 -11.484283
0.011719 -11.484283
0.013672 -11.484283
0.017578 -11.484283
0.009766 -11.484283
0.017578 -11.484283
0.013672 -11.499596
0.013672 -11.499596
0.015625 -11.499596
0.013672 -11.499596
0.009766 -11.499596
0.005859 -11.499596
0.013672 -11.499596
0.009766 -11.499596
0.015625 -11.499596
0.011719 -11.499596
0.011719 -11.499596
0.013672 -11.499596
0.017578 -11.491940
0.011719 -11.491940
0.011719 -11.507252
0.013672 -11.507252
0.007812 -11.507252
0.003906 -11.507252
0.013672 -11.514908
0.013672 -11.522564
0.087891 -10.004368
0.064453 -10.649560
0.033203 -10.968269
0.041016 -11.147058
0.037109 -11.170378
0.021484 -11.255885
0.025391 -11.279205
0.027344 -11.325846
0.029297 -11.333619
0.025391 -11.356939
0.019531 -11.380260
0.023438 -11.403580
0.025391 -11.434673
0.021484 -11.481314
0.019531 -11.496861
0.021484 -11.496861
0.009766 -11.543501
0.015625 -11.543501
0.015625 -11.543501
0.017578 -11.559048
0.011719 -11.590141
0.015625 -11.590141
0.013672 -11.590141
0.011719 -11.597915
0.011719 -11.597915
0.013672 -11.597915
0.013672 -11.597915
0.009766 -11.605688
0.009766 -11.605688
0.011719 -11.605688
0.011719 -11.605688
0.013672 -11.613461
0.009766 -11.613461
0.007812 -11.613461
0.013672 -11.605688
0.017578 -11.605688
0.013672 -11.605688
0.013672 -11.605688
0.007812 -11.613461
0.011719 -11.613461
0.013672 -11.613461
0.015625 -11.605688
0.015625 -11.605688
0.013672 -11.613461
0.009766 -11.613461
0.011719 -11.613461
0.011719 -11.613461
0.009766 -11.613461
0.011719 -11.613461
0.013672 -11.613461
0.093750 -10.242118
0.054688 -10.849702
0.035156 -11.070642
0.033203 -11.181111
0.041016 -11.236346
0.041016 -11.252128
0.031250 -11.315253
0.041016 -11.362597
0.025391 -11.394160
0.035156 -11.417832
0.023438 -11.449395
0.027344 -11.480958
0.021484 -11.520411
0.023438 -11.520411
0.023438 -11.528302
0.019531 -11.528302
0.027344 -11.536193
0.019531 -11.559865
0.017578 -11.591428
0.019531 -11.591428
0.017578 -11.599319
0.021484 -11.615100
0.017578 -11.622991
0.025391 -11.638772
0.015625 -11.654553
0.021484 -11.662444
0.019531 -11.662444
0.023438 -11.670335
0.019531 -11.686116
0.019531 -11.701898
0.019531 -11.701898
0.015625 -11.709788
0.017578 -11.717679
0.011719 -11.733460
0.011719 -11.733460
0.013672 -11.733460
0.019531 -11.725570
0.011719 -11.757133
0.011719 -11.757133
0.007812 -11.765023
0.015625 -11.765023
0.011719 -11.765023
0.009766 -11.765023
0.015625 -11.765023
0.011719 -11.772914
0.007812 -11.772914
0.015625 -11.772914
0.017578 -11.772914
0.017578 -11.772914
0.017578 -11.780805
0.095703 -10.210063
0.064453 -10.890743
0.056641 -11.211063
0.056641 -11.347199
0.035156 -11.475327
0.033203 -11.499352
0.033203 -11.547400
0.039062 -11.563416
0.035156 -11.595448
0.037109 -11.603456
0.027344 -11.619472
0.033203 -11.651504
0.029297 -11.667520
0.021484 -11.691544
0.025391 -11.691544
0.019531 -11.707560
0.021484 -11.731584
0.021484 -11.763616
0.021484 -11.787640
0.013672 -11.819672
0.017578 -11.859712
0.015625 -11.867720
0.015625 -11.875728
0.021484 -11.875728
0.019531 -11.875728
0.011719 -11.883736
0.007812 -11.883736
0.015625 -11.883736
0.015625 -11.899752
0.013672 -11.899752
0.013672 -11.907760
0.017578 -11.923776
0.001953 -11.931784
0.007812 -11.939792
0.013672 -11.939792
0.009766 -11.947800
0.019531 -11.939792
0.015625 -11.947800
0.017578 -11.947800
0.011719 -11.947800
0.015625 -11.947800
0.015625 -11.939792
0.017578 -11.939792
0.011719 -11.947800
0.017578 -11.947800
0.013672 -11.947800
0.021484 -11.947800
0.013672 -11.963816
0.015625 -11.963816
0.013672 -11.963816
0.097656 -10.489390
0.062500 -11.066270
0.062500 -11.342525
0.052734 -11.440027
0.033203 -11.570031
0.041016 -11.586282
0.027344 -11.659410
0.033203 -11.691911
0.029297 -11.724412
0.027344 -11.748788
0.025391 -11.765038
0.027344 -11.773164
0.027344 -11.781289
0.029297 -11.805665
0.025391 -11.830041
0.033203 -11.838166
0.031250 -11.854417
0.017578 -11.870667
0.025391 -11.878793
0.025391 -11.878793
0.027344 -11.895043
0.027344 -11.903169
0.015625 -11.911294
0.021484 -11.919419
0.023438 -11.919419
0.015625 -11.935670
0.021484 -11.951921
0.017578 -11.960046
0.013672 -11.984422
0.015625 -11.984422
0.013672 -11.976296
0.013672 -11.992547
0.013672 -11.992547
0.017578 -11.992547
0.021484 -11.992547
0.017578 -12.000672
0.013672 -12.000672
0.023438 -11.992547
0.019531 -12.008798
0.017578 -12.008798
0.011719 -12.025048
0.019531 -12.033174
0.017578 -12.041299
0.019531 -12.041299
0.019531 -12.041299
0.021484 -12.041299
0.007812 -12.041299
0.019531 -12.041299
0.013672 -12.041299
0.015625 -12.041299
0.085938 -10.665428
0.072266 -11.291856
0.050781 -11.530887
0.041016 -11.654524
0.033203 -11.720465
0.021484 -11.778163
0.027344 -11.844104
0.023438 -11.926529
0.029297 -11.967742
0.029297 -11.992470
0.025391 -12.017198
0.029297 -12.025440
0.025391 -12.033683
0.031250 -12.041925
0.027344 -12.041925
0.023438 -12.041925
0.029297 -12.050168
0.025391 -12.050168
0.035156 -12.058411
0.025391 -12.066653
0.023438 -12.066653
0.033203 -12.074896
0.025391 -12.083138
0.025391 -12.083138
0.019531 -12.083138
0.025391 -12.083138
0.021484 -12.083138
0.021484 -12.083138
0.023438 -12.083138
0.029297 -12.083138
0.021484 -12.107866
0.027344 -12.107866
0.021484 -12.116109
0.019531 -12.116109
0.017578 -12.124352
0.017578 -12.124352
0.015625 -12.124352
0.019531 -12.116109
0.019531 -12.124352
0.019531 -12.124352
0.021484 -12.132594
0.011719 -12.132594
0.019531 -12.132594
0.019531 -12.132594
0.013672 -12.140837
0.013672 -12.140837
0.021484 -12.149079
0.017578 -12.140837
0.013672 -12.157322
0.025391 -12.157322
0.083984 -10.850430
0.074219 -11.460643
0.052734 -11.753213
0.056641 -11.895318
0.037109 -11.978909
0.037109 -12.037421
0.029297 -12.062498
0.031250 -12.070857
0.035156 -12.104293
0.021484 -12.112652
0.031250 -12.137729
0.027344 -12.154447
0.025391 -12.162806
0.025391 -12.187882
0.029297 -12.196241
0.023438 -12.204600
0.019531 -12.221318
0.019531 -12.221318
0.025391 -12.229677
0.021484 -12.229677
0.025391 -12.246395
0.023438 -12.263113
0.027344 -12.271472
0.029297 -12.271472
0.027344 -12.279831
0.023438 -12.279831
0.017578 -12.296549
0.023438 -12.304908
0.013672 -12.304908
0.025391 -12.304908
0.025391 -12.313267
0.025391 -12.313267
0.023438 -12.321626
0.019531 -12.321626
0.019531 -12.321626
0.011719 -12.321626
0.017578 -12.329985
0.021484 -12.329985
0.011719 -12.329985
0.015625 -12.338344
0.019531 -12.338344
0.009766 -12.338344
0.017578 -12.355062
0.021484 -12.355062
0.025391 -12.363420
0.019531 -12.363420
0.019531 -12.363420
0.017578 -12.371779
0.019531 -12.380138
0.017578 -12.388497
0.111328 -10.824560
0.070312 -11.587438
0.041016 -11.850206
0.052734 -11.951921
0.041016 -12.079066
0.039062 -12.138400
0.027344 -12.197734
0.027344 -12.214686
0.037109 -12.240116
0.027344 -12.257070
0.027344 -12.299452
0.019531 -12.333357
0.015625 -12.341833
0.017578 -12.341833
0.029297 -12.350309
0.027344 -12.358786
0.027344 -12.367262
0.029297 -12.375738
0.021484 -12.384214
0.025391 -12.409643
0.029297 -12.418119
0.023438 -12.426596
0.027344 -12.426596
0.027344 -12.426596
0.021484 -12.426596
0.021484 -12.426596
0.023438 -12.426596
0.029297 -12.426596
0.015625 -12.426596
0.029297 -12.435072
0.029297 -12.435072
0.031250 -12.435072
0.023438 -12.443548
0.021484 -12.452024
0.025391 -12.452024
0.025391 -12.477453
0.011719 -12.477453
0.025391 -12.477453
0.027344 -12.477453
0.021484 -12.485929
0.025391 -12.485929
0.019531 -12.485929
0.023438 -12.485929
0.013672 -12.485929
0.019531 -12.494406
0.013672 -12.494406
0.019531 -12.511358
0.017578 -12.519835
0.017578 -12.519835
0.013672 -12.519835
0.103516 -11.060041
0.080078 -11.670184
0.070312 -11.893617
0.039062 -12.125643
0.039062 -12.185798
0.035156 -12.220172
0.052734 -12.245953
0.031250 -12.280327
0.039062 -12.331888
0.033203 -12.349075
0.037109 -12.366262
0.035156 -12.366262
0.031250 -12.392043
0.031250 -12.400637
0.033203 -12.417824
0.031250 -12.426417
0.023438 -12.435011
0.031250 -12.426417
0.039062 -12.426417
0.041016 -12.435011
0.025391 -12.486572
0.031250 -12.486572
0.023438 -12.503759
0.027344 -12.538134
0.017578 -12.538134
0.025391 -12.555321
0.023438 -12.563914
0.023438 -12.589695
0.023438 -12.606882
0.025391 -12.632663
0.015625 -12.641256
0.017578 -12.649850
0.017578 -12.658443
0.017578 -12.667037
0.019531 -12.667037
0.013672 -12.675631
0.017578 -12.684224
0.015625 -12.692818
0.019531 -12.692818
0.015625 -12.710005
0.015625 -12.718598
0.019531 -12.735785
0.011719 -12.778753
0.019531 -12.770160
0.017578 -12.778753
0.011719 -12.778753
0.013672 -12.778753
0.017578 -12.778753
0.011719 -12.787347
0.013672 -12.787347
0.089844 -11.263154
0.078125 -11.768384
0.044922 -12.055842
0.044922 -12.125529
0.054688 -12.212638
0.033203 -12.256192
0.031250 -12.291036
0.042969 -12.317168
0.035156 -12.343301
0.042969 -12.360723
0.042969 -12.421699
0.039062 -12.447831
0.033203 -12.473964
0.023438 -12.491385
0.037109 -12.491385
0.037109 -12.508807
0.035156 -12.526229
0.031250 -12.561072
0.035156 -12.561072
0.029297 -12.569783
0.025391 -12.587205
0.029297 -12.587205
0.029297 -12.604627
0.035156 -12.604627
0.027344 -12.613338
0.033203 -12.613338
0.029297 -12.613338
0.021484 -12.630759
0.021484 -12.639470
0.025391 -12.648181
0.019531 -12.648181
0.021484 -12.648181
0.033203 -12.656892
0.031250 -12.648181
0.035156 -12.665603
0.027344 -12.665603
0.029297 -12.665603
0.015625 -12.674314
0.027344 -12.674314
0.035156 -12.674314
0.017578 -12.674314
0.035156 -12.674314
0.031250 -12.674314
0.027344 -12.674314
0.027344 -12.674314
0.027344 -12.683024
0.023438 -12.691735
0.027344 -12.691735
0.023438 -12.691735
0.027344 -12.709157
0.113281 -11.255904
0.062500 -11.988642
0.052734 -12.174033
0.054688 -12.324112
0.042969 -12.500675
0.037109 -12.571301
0.031250 -12.606613
0.033203 -12.650754
0.027344 -12.677238
0.039062 -12.721379
0.039062 -12.739036
0.035156 -12.756692
0.023438 -12.783176
0.025391 -12.836145
0.025391 -12.862630
0.021484 -12.880286
0.027344 -12.906771
0.029297 -12.924427
0.027344 -12.942083
0.025391 -12.959740
0.021484 -12.986224
0.017578 -12.995052
0.017578 -13.003881
0.025391 -13.012709
0.013672 -13.030365
0.011719 -13.048021
0.017578 -13.048021
0.019531 -13.065678
0.011719 -13.074506
0.019531 -13.065678
0.015625 -13.074506
0.011719 -13.083334
0.011719 -13.092162
0.019531 -13.092162
0.019531 -13.092162
0.017578 -13.092162
0.019531 -13.092162
0.021484 -13.092162
0.019531 -13.092162
0.023438 -13.100990
0.017578 -13.100990
0.011719 -13.100990
0.019531 -13.100990
0.021484 -13.100990
0.019531 -13.100990
0.015625 -13.109818
0.021484 -13.109818
0.017578 -13.109818
0.023438 -13.109818
0.017578 -13.109818
0.083984 -11.628988
0.070312 -12.317789
0.048828 -12.604044
0.044922 -12.666662
0.035156 -12.765062
0.046875 -12.791899
0.031250 -12.845572
0.023438 -12.881353
0.027344 -12.917135
0.027344 -12.935026
0.031250 -12.935026
0.033203 -12.961863
0.023438 -13.042372
0.017578 -13.078154
0.023438 -13.078154
0.025391 -13.122881
0.027344 -13.149717
0.019531 -13.149717
0.025391 -13.158663
0.013672 -13.158663
0.021484 -13.176554
0.017578 -13.176554
0.019531 -13.185499
0.019531 -13.203390
0.021484 -13.212336
0.021484 -13.221281
0.015625 -13.221281
0.015625 -13.230227
0.009766 -13.230227
0.023438 -13.239172
0.015625 -13.266008
0.011719 -13.266008
0.009766 -13.266008
0.007812 -13.274954
0.003906 -13.283899
0.013672 -13.283899
0.011719 -13.283899
0.007812 -13.301790
0.015625 -13.301790
0.009766 -13.301790
0.015625 -13.301790
0.007812 -13.310736
0.015625 -13.319681
0.017578 -13.337572
0.013672 -13.337572
0.015625 -13.337572
0.015625 -13.337572
0.019531 -13.337572
0.013672 -13.337572
0.011719 -13.346518
0.082031 -11.880924
0.058594 -12.551555
0.029297 -12.741869
0.046875 -12.814370
0.031250 -12.886872
0.042969 -12.941248
0.039062 -12.968436
0.046875 -13.013750
0.039062 -13.059064
0.023438 -13.086252
0.037109 -13.086252
0.031250 -13.077189
0.035156 -13.104378
0.025391 -13.185942
0.029297 -13.204067
0.025391 -13.204067
0.023438 -13.222193
0.025391 -13.231256
0.035156 -13.249381
0.025391 -13.258444
0.031250 -13.276569
0.027344 -13.285632
0.025391 -13.285632
0.015625 -13.285632
0.029297 -13.294695
0.021484 -13.312820
0.015625 -13.340009
0.023438 -13.367197
0.023438 -13.385323
0.019531 -13.394385
0.023438 -13.439699
0.019531 -13.475950
0.021484 -13.475950
0.019531 -13.503138
0.017578 -13.503138
0.019531 -13.503138
0.013672 -13.512200
0.017578 -13.512200
0.017578 -13.512200
0.017578 -13.521263
0.015625 -13.539389
0.013672 -13.539389
0.013672 -13.539389
0.015625 -13.548451
0.009766 -13.566577
0.017578 -13.566577
0.015625 -13.566577
0.015625 -13.566577
0.017578 -13.566577
0.019531 -13.575640
0.078125 -11.814301
0.060547 -12.475255
0.041016 -12.750651
0.060547 -12.814912
0.046875 -12.934250
0.046875 -13.007689
0.046875 -13.062770
0.025391 -13.099490
0.031250 -13.218828
0.033203 -13.246368
0.027344 -13.273909
0.029297 -13.283089
0.021484 -13.301449
0.027344 -13.310629
0.027344 -13.338169
0.021484 -13.429969
0.019531 -13.466688
0.017578 -13.466688
0.021484 -13.475868
0.017578 -13.485048
0.019531 -13.485048
0.019531 -13.485048
0.021484 -13.494228
0.019531 -13.512589
0.019531 -13.540129
0.017578 -13.549309
0.015625 -13.558489
0.023438 -13.558489
0.011719 -13.567669
0.009766 -13.586029
0.013672 -13.586029
0.019531 -13.595209
0.019531 -13.595209
0.013672 -13.595209
0.023438 -13.595209
0.019531 -13.595209
0.009766 -13.595209
0.017578 -13.595209
0.011719 -13.604389
0.023438 -13.604389
0.019531 -13.613569
0.019531 -13.622749
0.015625 -13.622749
0.017578 -13.622749
0.011719 -13.631929
0.011719 -13.631929
0.017578 -13.631929
0.017578 -13.631929
0.019531 -13.631929
0.017578 -13.631929
0.093750 -12.030043
0.062500 -12.876034
0.041016 -13.201417
0.031250 -13.359459
0.033203 -13.443130
0.025391 -13.536096
0.031250 -13.554688
0.023438 -13.573281
0.029297 -13.601171
0.031250 -13.610467
0.029297 -13.610467
0.031250 -13.629060
0.021484 -13.629060
0.025391 -13.647653
0.023438 -13.656949
0.015625 -13.684838
0.023438 -13.703431
0.021484 -13.731320
0.019531 -13.740617
0.019531 -13.740617
0.017578 -13.768506
0.023438 -13.768506
0.021484 -13.768506
0.011719 -13.787099
0.017578 -13.814988
0.015625 -13.814988
0.011719 -13.824285
0.015625 -13.833581
0.015625 -13.842877
0.015625 -13.842877
0.015625 -13.852174
0.011719 -13.852174
0.013672 -13.852174
0.009766 -13.852174
0.011719 -13.852174
0.011719 -13.861470
0.011719 -13.861470
0.013672 -13.861470
0.009766 -13.870767
0.013672 -13.870767
0.013672 -13.870767
0.013672 -13.870767
0.013672 -13.870767
0.011719 -13.870767
0.009766 -13.880063
0.009766 -13.880063
0.015625 -13.880063
0.013672 -13.880063
0.009766 -13.880063
0.011719 -13.880063
0.083984 -12.172300
0.046875 -12.887759
0.048828 -13.264314
0.046875 -13.424351
0.039062 -13.537316
0.033203 -13.650282
0.033203 -13.678523
0.029297 -13.744420
0.025391 -13.782077
0.021484 -13.819732
0.021484 -13.847973
0.023438 -13.866801
0.019531 -13.866801
0.025391 -13.876215
0.017578 -13.885629
0.029297 -13.895042
0.025391 -13.904456
0.025391 -13.913870
0.023438 -13.923284
0.023438 -13.923284
0.023438 -13.923284
0.025391 -13.923284
0.027344 -13.942111
0.023438 -13.942111
0.023438 -13.942111
0.025391 -13.942111
0.017578 -13.942111
0.021484 -13.942111
0.025391 -13.942111
0.023438 -13.951525
0.019531 -13.951525
0.025391 -13.951525
0.019531 -13.951525
0.017578 -13.951525
0.013672 -13.942111
0.015625 -13.951525
0.011719 -13.951525
0.017578 -13.951525
0.017578 -13.960938
0.021484 -13.960938
0.017578 -13.960938
0.017578 -13.960938
0.021484 -13.960938
0.023438 -13.960938
0.021484 -13.960938
0.023438 -13.960938
0.025391 -13.960938
0.013672 -13.979766
0.015625 -13.979766
0.011719 -13.989180
0.080078 -12.428568
0.062500 -13.086208
0.064453 -13.353077
0.042969 -13.591352
0.035156 -13.667601
0.029297 -13.724787
0.029297 -13.753380
0.035156 -13.781973
0.025391 -13.839159
0.033203 -13.867752
0.031250 -13.905876
0.033203 -13.924938
0.025391 -13.934469
0.029297 -13.934469
0.029297 -13.944000
0.027344 -14.001186
0.025391 -14.001186
0.015625 -14.020248
0.021484 -14.020248
0.013672 -14.039310
0.015625 -14.067904
0.017578 -14.067904
0.017578 -14.067904
0.025391 -14.067904
0.017578 -14.077435
0.025391 -14.077435
0.017578 -14.077435
0.013672 -14.086966
0.021484 -14.086966
0.017578 -14.096497
0.023438 -14.096497
0.017578 -14.096497
0.021484 -14.106028
0.019531 -14.106028
0.017578 -14.106028
0.017578 -14.115559
0.019531 -14.115559
0.017578 -14.125090
0.019531 -14.134621
0.017578 -14.144152
0.015625 -14.144152
0.017578 -14.144152
0.023438 -14.144152
0.017578 -14.144152
0.011719 -14.144152
0.019531 -14.144152
0.025391 -14.144152
0.019531 -14.144152
0.019531 -14.144152
0.021484 -14.144152
0.103516 -12.465646
0.058594 -13.227863
0.052734 -13.459423
0.048828 -13.575203
0.041016 -13.671686
0.039062 -13.758521
0.033203 -13.797114
0.041016 -13.855004
0.035156 -13.874301
0.021484 -13.961136
0.019531 -13.999729
0.017578 -14.028674
0.029297 -14.038322
0.025391 -14.076916
0.023438 -14.105861
0.027344 -14.134806
0.019531 -14.144454
0.017578 -14.144454
0.027344 -14.154102
0.021484 -14.221641
0.023438 -14.250586
0.019531 -14.260234
0.019531 -14.269882
0.017578 -14.279531
0.015625 -14.289179
0.009766 -14.298827
0.017578 -14.327772
0.011719 -14.347069
0.011719 -14.347069
0.007812 -14.366365
0.011719 -14.366365
0.011719 -14.395310
0.015625 -14.414607
0.013672 -14.433904
0.017578 -14.443552
0.019531 -14.453200
0.017578 -14.462849
0.017578 -14.482145
0.011719 -14.549684
0.007812 -14.549684
0.009766 -14.549684
0.005859 -14.549684
0.005859 -14.549684
0.013672 -14.549684
0.011719 -14.549684
0.009766 -14.549684
0.011719 -14.549684
0.011719 -14.549684
0.013672 -14.549684
0.009766 -14.559332
0.093750 -12.597655
0.052734 -13.320312
0.050781 -13.652343
0.042969 -13.769530
0.042969 -13.867187
0.039062 -13.964843
0.033203 -14.062499
0.027344 -14.150390
0.029297 -14.160155
0.025391 -14.189452
0.025391 -14.208983
0.029297 -14.218749
0.019531 -14.248046
0.027344 -14.248046
0.025391 -14.248046
0.025391 -14.257812
0.021484 -14.277343
0.021484 -14.287108
0.021484 -14.306640
0.019531 -14.316405
0.011719 -14.316405
0.019531 -14.326171
0.029297 -14.326171
0.027344 -14.335937
0.025391 -14.335937
0.017578 -14.335937
0.029297 -14.355468
0.027344 -14.355468
0.011719 -14.365233
0.019531 -14.365233
0.019531 -14.365233
0.029297 -14.365233
0.021484 -14.365233
0.017578 -14.374999
0.021484 -14.374999
0.011719 -14.394530
0.013672 -14.404296
0.021484 -14.404296
0.023438 -14.404296
0.019531 -14.414062
0.019531 -14.423827
0.015625 -14.423827
0.015625 -14.443358
0.015625 -14.453124
0.013672 -14.462890
0.015625 -14.462890
0.019531 -14.462890
0.023438 -14.472655
0.015625 -14.482421
0.017578 -14.482421
0.089844 -12.669813
0.054688 -13.391267
0.042969 -13.638340
0.050781 -13.756935
0.054688 -13.875530
0.052734 -13.974360
0.044922 -14.053423
0.042969 -14.122603
0.041016 -14.162135
0.041016 -14.181901
0.042969 -14.251081
0.042969 -14.270847
0.029297 -14.310379
0.033203 -14.320262
0.033203 -14.340028
0.035156 -14.359794
0.031250 -14.389442
0.023438 -14.399325
0.017578 -14.438857
0.025391 -14.448740
0.021484 -14.498155
0.019531 -14.498155
0.021484 -14.498155
0.019531 -14.508038
0.019531 -14.527803
0.019531 -14.527803
0.021484 -14.537686
0.013672 -14.547569
0.021484 -14.567335
0.017578 -14.567335
0.011719 -14.577218
0.017578 -14.587101
0.019531 -14.587101
0.017578 -14.587101
0.015625 -14.577218
0.019531 -14.587101
0.021484 -14.587101
0.013672 -14.587101
0.019531 -14.596984
0.015625 -14.606867
0.017578 -14.606867
0.017578 -14.606867
0.013672 -14.606867
0.015625 -14.606867
0.017578 -14.606867
0.015625 -14.606867
0.019531 -14.606867
0.015625 -14.606867
0.019531 -14.606867
0.015625 -14.616750
0.089844 -12.990191
0.050781 -13.830210
0.037109 -14.050215
0.035156 -14.170218
0.031250 -14.270220
0.027344 -14.340221
0.031250 -14.410223
0.025391 -14.540226
0.027344 -14.590227
0.025391 -14.590227
0.027344 -14.600227
0.029297 -14.600227
0.027344 -14.630228
0.011719 -14.670229
0.019531 -14.680229
0.019531 -14.680229
0.015625 -14.680229
0.017578 -14.690229
0.019531 -14.700230
0.017578 -14.700230
0.015625 -14.720230
0.013672 -14.730230
0.015625 -14.740231
0.019531 -14.740231
0.015625 -14.740231
0.017578 -14.740231
0.011719 -14.760231
0.019531 -14.770231
0.017578 -14.780231
0.013672 -14.780231
0.015625 -14.780231
0.013672 -14.780231
0.019531 -14.780231
0.017578 -14.790232
0.023438 -14.790232
0.017578 -14.800232
0.023438 -14.800232
0.021484 -14.800232
0.021484 -14.800232
0.021484 -14.810232
0.013672 -14.820232
0.013672 -14.830233
0.017578 -14.840233
0.023438 -14.840233
0.021484 -14.850233
0.023438 -14.870234
0.011719 -14.890234
0.017578 -14.900234
0.009766 -14.920235
0.015625 -14.990236
0.091797 -13.081609
0.080078 -13.880880
0.039062 -14.194519
0.041016 -14.326045
0.042969 -14.406984
0.042969 -14.528391
0.037109 -14.599214
0.033203 -14.619449
0.027344 -14.629566
0.027344 -14.639684
0.023438 -14.649801
0.033203 -14.659919
0.033203 -14.659919
0.027344 -14.670036
0.027344 -14.680154
0.031250 -14.680154
0.025391 -14.680154
0.029297 -14.680154
0.025391 -14.700389
0.023438 -14.710506
0.023438 -14.710506
0.023438 -14.720624
0.033203 -14.730742
0.023438 -14.740859
0.031250 -14.750977
0.029297 -14.761094
0.027344 -14.761094
0.033203 -14.761094
0.029297 -14.761094
0.023438 -14.771212
0.019531 -14.771212
0.031250 -14.771212
0.033203 -14.781329
0.033203 -14.791447
0.029297 -14.831917
0.019531 -14.831917
0.031250 -14.852152
0.019531 -14.862269
0.019531 -14.862269
0.021484 -14.872387
0.021484 -14.882504
0.009766 -14.902740
0.015625 -14.922975
0.015625 -14.922975
0.023438 -14.933092
0.017578 -14.943210
0.013672 -14.943210
0.021484 -14.953327
0.017578 -14.973562
0.021484 -14.983680
0.089844 -13.202508
0.052734 -13.939404
0.058594 -14.215740
0.041016 -14.307854
0.052734 -14.430671
0.048828 -14.492080
0.050781 -14.584193
0.035156 -14.625132
0.042969 -14.655836
0.039062 -14.747950
0.033203 -14.840062
0.025391 -14.891235
0.023438 -14.921940
0.027344 -14.942410
0.027344 -14.973114
0.029297 -15.044756
0.023438 -15.065226
0.021484 -15.065226
0.021484 -15.065226
0.025391 -15.085695
0.023438 -15.095930
0.027344 -15.095930
0.025391 -15.116400
0.023438 -15.116400
0.023438 -15.136869
0.019531 -15.136869
0.021484 -15.147104
0.019531 -15.167574
0.023438 -15.167574
0.019531 -15.177809
0.023438 -15.177809
0.015625 -15.188044
0.019531 -15.208513
0.015625 -15.218748
0.019531 -15.228983
0.013672 -15.228983
0.013672 -15.249453
0.013672 -15.249453
0.015625 -15.249453
0.017578 -15.249453
0.015625 -15.239218
0.011719 -15.249453
0.017578 -15.249453
0.015625 -15.249453
0.013672 -15.249453
0.013672 -15.249453
0.017578 -15.249453
0.015625 -15.249453
0.011719 -15.249453
0.009766 -15.249453
0.093750 -13.436262
0.052734 -14.098748
0.064453 -14.347179
0.046875 -14.492096
0.046875 -14.554203
0.037109 -14.626662
0.037109 -14.678418
0.029297 -14.730174
0.033203 -14.771579
0.039062 -14.792281
0.029297 -14.844037
0.029297 -14.854388
0.025391 -14.875091
0.029297 -14.895793
0.025391 -14.937198
0.025391 -14.947549
0.035156 -14.947549
0.023438 -14.968251
0.029297 -15.020007
0.021484 -15.061412
0.017578 -15.071763
0.023438 -15.092465
0.021484 -15.123519
0.021484 -15.144221
0.019531 -15.144221
0.025391 -15.164924
0.017578 -15.206328
0.021484 -15.278787
0.019531 -15.351247
0.019531 -15.382300
0.015625 -15.454760
0.017578 -15.485814
0.013672 -15.485814
0.019531 -15.485814
0.015625 -15.506516
0.015625 -15.506516
0.015625 -15.506516
0.013672 -15.506516
0.017578 -15.506516
0.013672 -15.547921
0.015625 -15.578975
0.009766 -15.599678
0.011719 -15.630733
0.013672 -15.630733
0.013672 -15.630733
0.015625 -15.630733
0.011719 -15.641084
0.009766 -15.651435
0.007812 -15.661786
0.007812 -15.672137
0.074219 -13.672182
0.039062 -14.363112
0.050781 -14.677172
0.029297 -14.844668
0.031250 -14.917949
0.027344 -14.949354
0.033203 -15.022634
0.035156 -15.085446
0.031250 -15.106383
0.033203 -15.137789
0.035156 -15.169194
0.029297 -15.200600
0.027344 -15.211068
0.019531 -15.242474
0.037109 -15.263411
0.025391 -15.315755
0.031250 -15.326223
0.029297 -15.326223
0.027344 -15.336692
0.021484 -15.357629
0.029297 -15.378566
0.021484 -15.378566
0.017578 -15.389034
0.029297 -15.389034
0.023438 -15.389034
0.025391 -15.399503
0.021484 -15.409971
0.025391 -15.409971
0.025391 -15.409971
0.027344 -15.409971
0.031250 -15.409971
0.029297 -15.409971
0.029297 -15.409971
0.029297 -15.409971
0.033203 -15.409971
0.025391 -15.409971
0.025391 -15.409971
0.029297 -15.409971
0.025391 -15.409971
0.023438 -15.409971
0.027344 -15.409971
0.021484 -15.409971
0.027344 -15.409971
0.025391 -15.409971
0.029297 -15.409971
0.021484 -15.409971
0.027344 -15.409971
0.023438 -15.409971
0.025391 -15.409971
0.019531 -15.409971
0.093750 -13.645161
0.056641 -14.703739
0.039062 -14.989555
0.027344 -15.127171
0.031250 -15.296543
0.031250 -15.381229
0.027344 -15.423573
0.025391 -15.455330
0.031250 -15.487087
0.027344 -15.561188
0.017578 -15.582359
0.015625 -15.614117
0.021484 -15.614117
0.019531 -15.614117
0.025391 -15.624702
0.023438 -15.624702
0.027344 -15.635288
0.019531 -15.635288
0.025391 -15.635288
0.023438 -15.645874
0.025391 -15.645874
0.019531 -15.656460
0.017578 -15.667046
0.013672 -15.698803
0.005859 -15.698803
0.017578 -15.709389
0.017578 -15.709389
0.017578 -15.709389
0.021484 -15.709389
0.005859 -15.709389
0.015625 -15.709389
0.015625 -15.730560
0.013672 -15.730560
0.015625 -15.730560
0.011719 -15.730560
0.013672 -15.741146
0.011719 -15.741146
0.017578 -15.741146
0.013672 -15.741146
0.013672 -15.741146
0.013672 -15.741146
0.013672 -15.741146
0.011719 -15.741146
0.013672 -15.741146
0.009766 -15.741146
0.009766 -15.741146
0.013672 -15.751732
0.015625 -15.751732
0.013672 -15.751732
0.013672 -15.751732
0.089844 -13.796280
0.062500 -14.502684
0.048828 -14.866589
0.041016 -15.005729
0.054688 -15.123463
0.033203 -15.198384
0.035156 -15.284009
0.037109 -15.337524
0.029297 -15.401743
0.031250 -15.444555
0.037109 -15.476665
0.025391 -15.540883
0.031250 -15.594398
0.017578 -15.680023
0.021484 -15.744242
0.015625 -15.808460
0.019531 -15.851273
0.013672 -15.861976
0.017578 -15.861976
0.015625 -15.872679
0.013672 -15.883382
0.019531 -15.883382
0.019531 -15.883382
0.017578 -15.894085
0.015625 -15.904788
0.011719 -15.904788
0.017578 -15.904788
0.019531 -15.915491
0.013672 -15.915491
0.015625 -15.915491
0.011719 -15.926194
0.011719 -15.936897
0.015625 -15.936897
0.013672 -15.947600
0.009766 -15.947600
0.005859 -15.947600
0.011719 -15.947600
0.015625 -15.947600
0.015625 -15.947600
0.015625 -15.958303
0.011719 -15.969007
0.007812 -15.969007
0.013672 -15.969007
0.009766 -15.969007
0.015625 -15.969007
0.011719 -15.969007
0.011719 -15.969007
0.023438 -15.969007
0.019531 -15.969007
0.015625 -15.979710
0.107422 -13.882549
0.068359 -14.629156
0.062500 -14.856384
0.046875 -14.953768
0.058594 -15.072792
0.054688 -15.202637
0.042969 -15.310841
0.042969 -15.343302
0.048828 -15.354122
0.042969 -15.408224
0.037109 -15.473146
0.044922 -15.505608
0.037109 -15.602991
0.035156 -15.613811
0.031250 -15.624632
0.031250 -15.646273
0.029297 -15.657093
0.029297 -15.678734
0.021484 -15.689554
0.033203 -15.689554
0.033203 -15.689554
0.033203 -15.700375
0.041016 -15.711195
0.031250 -15.711195
0.025391 -15.722015
0.033203 -15.722015
0.031250 -15.732836
0.035156 -15.732836
0.035156 -15.732836
0.031250 -15.732836
0.031250 -15.732836
0.029297 -15.743656
0.031250 -15.743656
0.033203 -15.743656
0.023438 -15.743656
0.019531 -15.754477
0.033203 -15.765297
0.023438 -15.776117
0.021484 -15.776117
0.035156 -15.786938
0.029297 -15.786938
0.029297 -15.786938
0.023438 -15.786938
0.035156 -15.786938
0.027344 -15.786938
0.027344 -15.808578
0.031250 -15.819399
0.031250 -15.819399
0.029297 -15.819399
0.027344 -15.841040
0.068359 -14.207973
0.056641 -14.951736
0.052734 -15.214241
0.035156 -15.411119
0.031250 -15.542372
0.044922 -15.651749
0.025391 -15.793939
0.027344 -15.859565
0.033203 -15.958004
0.029297 -15.979879
0.019531 -16.045502
0.023438 -16.056438
0.013672 -16.100185
0.021484 -16.111122
0.017578 -16.132996
0.017578 -16.143932
0.021484 -16.143932
0.021484 -16.143932
0.017578 -16.143932
0.019531 -16.132996
0.023438 -16.165808
0.013672 -16.165808
0.023438 -16.176744
0.023438 -16.176744
0.019531 -16.187681
0.025391 -16.198618
0.021484 -16.198618
0.021484 -16.209555
0.021484 -16.231428
0.021484 -16.242365
0.021484 -16.242365
0.025391 -16.242365
0.025391 -16.242365
0.027344 -16.253302
0.023438 -16.253302
0.021484 -16.264238
0.017578 -16.275175
0.023438 -16.275175
0.017578 -16.275175
0.019531 -16.286112
0.015625 -16.297049
0.013672 -16.297049
0.019531 -16.307985
0.023438 -16.307985
0.023438 -16.307985
0.023438 -16.307985
0.021484 -16.318922
0.019531 -16.318922
0.023438 -16.318922
0.017578 -16.318922
0.093750 -14.216400
0.072266 -14.901802
0.058594 -15.233446
0.052734 -15.443488
0.056641 -15.520873
0.039062 -15.620368
0.044922 -15.697753
0.033203 -15.719863
0.041016 -15.719863
0.035156 -15.753028
0.027344 -15.775138
0.033203 -15.852522
0.025391 -15.874632
0.039062 -15.907797
0.033203 -15.940962
0.029297 -15.985182
0.031250 -16.007292
0.031250 -16.029402
0.011719 -16.040457
0.025391 -16.051512
0.029297 -16.073622
0.021484 -16.117842
0.021484 -16.128897
0.017578 -16.128897
0.025391 -16.128897
0.023438 -16.128897
0.023438 -16.128897
0.023438 -16.139952
0.021484 -16.139952
0.023438 -16.151007
0.017578 -16.173117
0.013672 -16.173117
0.017578 -16.184172
0.025391 -16.195227
0.023438 -16.195227
0.021484 -16.217337
0.025391 -16.228392
0.021484 -16.228392
0.023438 -16.239447
0.019531 -16.250502
0.025391 -16.250502
0.019531 -16.250502
0.021484 -16.272612
0.015625 -16.272612
0.015625 -16.272612
0.019531 -16.294722
0.011719 -16.305777
0.015625 -16.316832
0.021484 -16.327887
0.015625 -16.327887
0.091797 -14.445355
0.066406 -15.227400
0.056641 -15.562565
0.039062 -15.707805
0.041016 -15.841870
0.037109 -15.920075
0.025391 -15.953592
0.029297 -16.009453
0.035156 -16.042967
0.037109 -16.076481
0.025391 -16.165852
0.025391 -16.232882
0.023438 -16.366943
0.015625 -16.422802
0.001953 -16.422802
0.019531 -16.456316
0.013672 -16.467487
0.021484 -16.478659
0.019531 -16.501001
0.019531 -16.501001
0.021484 -16.501001
0.025391 -16.512173
0.015625 -16.523344
0.023438 -16.534515
0.017578 -16.534515
0.017578 -16.534515
0.023438 -16.534515
0.017578 -16.545687
0.015625 -16.545687
0.019531 -16.545687
0.011719 -16.545687
0.009766 -16.545687
0.019531 -16.579201
0.013672 -16.590372
0.017578 -16.601543
0.021484 -16.612715
0.017578 -16.612715
0.021484 -16.623886
0.017578 -16.623886
0.019531 -16.623886
0.017578 -16.623886
0.017578 -16.635057
0.021484 -16.635057
0.025391 -16.635057
0.017578 -16.646229
0.015625 -16.668571
0.019531 -16.679743
0.013672 -16.679743
0.013672 -16.679743
0.013672 -16.679743
0.103516 -14.630482
0.048828 -15.612606
0.046875 -15.962559
0.033203 -16.165768
0.035156 -16.222216
0.033203 -16.278664
0.029297 -16.301243
0.033203 -16.312532
0.033203 -16.346401
0.031250 -16.380270
0.017578 -16.425428
0.019531 -16.425428
0.019531 -16.425428
0.029297 -16.436718
0.015625 -16.448008
0.025391 -16.470587
0.025391 -16.493166
0.021484 -16.515745
0.025391 -16.515745
0.017578 -16.527035
0.027344 -16.527035
0.025391 -16.527035
0.035156 -16.527035
0.025391 -16.538324
0.031250 -16.538324
0.033203 -16.538324
0.029297 -16.560904
0.029297 -16.560904
0.023438 -16.583483
0.027344 -16.594772
0.029297 -16.594772
0.017578 -16.594772
0.029297 -16.594772
0.025391 -16.606062
0.023438 -16.606062
0.027344 -16.606062
0.021484 -16.606062
0.017578 -16.639931
0.021484 -16.651220
0.017578 -16.673800
0.021484 -16.673800
0.017578 -16.673800
0.015625 -16.673800
0.019531 -16.685089
0.023438 -16.696379
0.017578 -16.707668
0.017578 -16.730247
0.025391 -16.741537
0.013672 -16.752827
0.019531 -16.764116
0.083984 -14.679787
0.054688 -15.637904
0.048828 -15.877431
0.027344 -16.094145
0.037109 -16.310858
0.033203 -16.470541
0.025391 -16.584600
0.029297 -16.596006
0.035156 -16.618818
0.031250 -16.664442
0.033203 -16.698660
0.029297 -16.732878
0.031250 -16.755690
0.031250 -16.767096
0.027344 -16.789907
0.025391 -16.801313
0.023438 -16.812719
0.023438 -16.824125
0.023438 -16.835531
0.013672 -16.858343
0.017578 -16.881155
0.023438 -16.881155
0.023438 -16.892561
0.019531 -16.915373
0.021484 -16.949591
0.015625 -16.972403
0.021484 -16.995214
0.021484 -17.006620
0.015625 -17.029432
0.013672 -17.029432
0.013672 -17.040838
0.013672 -17.040838
0.017578 -17.040838
0.013672 -17.040838
0.013672 -17.052244
0.013672 -17.052244
0.013672 -17.052244
0.009766 -17.052244
0.015625 -17.052244
0.019531 -17.052244
0.015625 -17.063650
0.015625 -17.063650
0.019531 -17.075056
0.015625 -17.075056
0.011719 -17.075056
0.011719 -17.097868
0.015625 -17.097868
0.019531 -17.097868
0.005859 -17.120680
0.007812 -17.132086
0.113281 -14.715264
0.064453 -15.660171
0.056641 -16.017393
0.044922 -16.247873
0.041016 -16.386164
0.041016 -16.409212
0.039062 -16.455309
0.035156 -16.512930
0.019531 -16.535978
0.041016 -16.559027
0.033203 -16.605124
0.031250 -16.662745
0.035156 -16.685793
0.031250 -16.720366
0.027344 -16.754938
0.041016 -16.777987
0.029297 -16.812559
0.031250 -16.835608
0.029297 -16.835608
0.035156 -16.835608
0.031250 -16.858656
0.035156 -16.870180
0.035156 -16.870180
0.025391 -16.881704
0.027344 -16.916277
0.029297 -16.916277
0.031250 -16.916277
0.031250 -16.927801
0.025391 -16.939325
0.029297 -16.950850
0.019531 -16.985422
0.013672 -16.996946
0.025391 -16.996946
0.017578 -17.008471
0.015625 -17.008471
0.027344 -17.008471
0.023438 -17.019995
0.027344 -17.031519
0.019531 -17.043043
0.025391 -17.043043
0.027344 -17.066092
0.023438 -17.066092
0.021484 -17.100664
0.021484 -17.123713
0.015625 -17.158285
0.023438 -17.158285
0.015625 -17.169809
0.007812 -17.192858
0.019531 -17.262001
0.017578 -17.262001
0.089844 -15.156003
0.060547 -16.122169
0.046875 -16.483027
0.039062 -16.506308
0.042969 -16.611073
0.042969 -16.657635
0.035156 -16.715837
0.037109 -16.727478
0.041016 -16.739119
0.035156 -16.750759
0.042969 -16.750759
0.035156 -16.762400
0.037109 -16.774040
0.025391 -16.774040
0.029297 -16.797321
0.033203 -16.808962
0.025391 -16.808962
0.027344 -16.820602
0.029297 -16.820602
0.027344 -16.832243
0.033203 -16.843884
0.029297 -16.855524
0.035156 -16.855524
0.033203 -16.867165
0.029297 -16.878805
0.027344 -16.890446
0.023438 -16.890446
0.021484 -16.890446
0.035156 -16.890446
0.033203 -16.890446
0.031250 -16.902086
0.025391 -16.913727
0.027344 -16.913727
0.019531 -16.925367
0.031250 -16.925367
0.027344 -16.925367
0.031250 -16.937008
0.023438 -16.937008
0.031250 -16.948648
0.029297 -16.960289
0.025391 -16.960289
0.029297 -16.983570
0.023438 -16.983570
0.031250 -16.995211
0.025391 -16.995211
0.035156 -17.006851
0.023438 -17.006851
0.023438 -17.018492
0.027344 -17.018492
0.021484 -17.018492
